-50.0 10.0 417.0
-50.0 12.25 344.0
-50.0 14.5 254.0
-50.0 16.75 235.0
-50.0 19.0 233.0
-50.0 21.25 217.0
-50.0 23.5 185.0
-50.0 25.75 181.0
-50.0 28.0 175.0
-50.0 30.25 155.0
-50.0 32.5 168.0
-50.0 34.75 145.0
-50.0 37.0 136.0
-50.0 39.25 158.0
-50.0 41.5 123.0
-50.0 43.75 119.0
-50.0 46.0 139.0
-50.0 48.25 106.0
-50.0 50.5 101.0
-50.0 52.75 94.0
-50.0 55.0 99.0
-50.0 57.25 112.0
-50.0 59.5 113.0
-50.0 61.75 100.0
-50.0 64.0 111.0
-50.0 66.25 79.0
-50.0 68.5 87.0
-50.0 70.75 81.0
-50.0 73.0 81.0
-50.0 75.25 92.0
-50.0 77.5 79.0
-50.0 79.75 83.0
-50.0 82.0 81.0
-50.0 84.25 92.0
-50.0 86.5 86.0
-50.0 88.75 89.0
-50.0 91.0 86.0
-50.0 93.25 84.0
-50.0 95.5 89.0
-50.0 97.75 96.0
-50.0 100.0 42.0
-47.5 10.0 351.0
-47.5 12.25 312.0
-47.5 14.5 265.0
-47.5 16.75 242.0
-47.5 19.0 226.0
-47.5 21.25 204.0
-47.5 23.5 187.0
-47.5 25.75 169.0
-47.5 28.0 168.0
-47.5 30.25 145.0
-47.5 32.5 137.0
-47.5 34.75 145.0
-47.5 37.0 120.0
-47.5 39.25 158.0
-47.5 41.5 112.0
-47.5 43.75 116.0
-47.5 46.0 129.0
-47.5 48.25 108.0
-47.5 50.5 95.0
-47.5 52.75 88.0
-47.5 55.0 93.0
-47.5 57.25 102.0
-47.5 59.5 98.0
-47.5 61.75 108.0
-47.5 64.0 94.0
-47.5 66.25 70.0
-47.5 68.5 75.0
-47.5 70.75 73.0
-47.5 73.0 81.0
-47.5 75.25 78.0
-47.5 77.5 78.0
-47.5 79.75 86.0
-47.5 82.0 82.0
-47.5 84.25 91.0
-47.5 86.5 87.0
-47.5 88.75 83.0
-47.5 91.0 83.0
-47.5 93.25 74.0
-47.5 95.5 85.0
-47.5 97.75 91.0
-47.5 100.0 45.0
-45.0 10.0 381.0
-45.0 12.25 324.0
-45.0 14.5 284.0
-45.0 16.75 254.0
-45.0 19.0 211.0
-45.0 21.25 221.0
-45.0 23.5 201.0
-45.0 25.75 170.0
-45.0 28.0 181.0
-45.0 30.25 151.0
-45.0 32.5 165.0
-45.0 34.75 136.0
-45.0 37.0 125.0
-45.0 39.25 168.0
-45.0 41.5 121.0
-45.0 43.75 124.0
-45.0 46.0 131.0
-45.0 48.25 126.0
-45.0 50.5 82.0
-45.0 52.75 100.0
-45.0 55.0 109.0
-45.0 57.25 107.0
-45.0 59.5 106.0
-45.0 61.75 106.0
-45.0 64.0 107.0
-45.0 66.25 70.0
-45.0 68.5 90.0
-45.0 70.75 73.0
-45.0 73.0 78.0
-45.0 75.25 83.0
-45.0 77.5 76.0
-45.0 79.75 89.0
-45.0 82.0 87.0
-45.0 84.25 82.0
-45.0 86.5 89.0
-45.0 88.75 97.0
-45.0 91.0 91.0
-45.0 93.25 84.0
-45.0 95.5 92.0
-45.0 97.75 96.0
-45.0 100.0 41.0
-42.5 10.0 360.0
-42.5 12.25 317.0
-42.5 14.5 237.0
-42.5 16.75 220.0
-42.5 19.0 206.0
-42.5 21.25 213.0
-42.5 23.5 190.0
-42.5 25.75 158.0
-42.5 28.0 157.0
-42.5 30.25 144.0
-42.5 32.5 159.0
-42.5 34.75 137.0
-42.5 37.0 119.0
-42.5 39.25 137.0
-42.5 41.5 103.0
-42.5 43.75 118.0
-42.5 46.0 125.0
-42.5 48.25 128.0
-42.5 50.5 99.0
-42.5 52.75 91.0
-42.5 55.0 95.0
-42.5 57.25 99.0
-42.5 59.5 92.0
-42.5 61.75 89.0
-42.5 64.0 106.0
-42.5 66.25 71.0
-42.5 68.5 65.0
-42.5 70.75 65.0
-42.5 73.0 67.0
-42.5 75.25 83.0
-42.5 77.5 74.0
-42.5 79.75 66.0
-42.5 82.0 84.0
-42.5 84.25 87.0
-42.5 86.5 86.0
-42.5 88.75 88.0
-42.5 91.0 84.0
-42.5 93.25 90.0
-42.5 95.5 95.0
-42.5 97.75 77.0
-42.5 100.0 44.0
-40.0 10.0 379.0
-40.0 12.25 309.0
-40.0 14.5 242.0
-40.0 16.75 230.0
-40.0 19.0 197.0
-40.0 21.25 210.0
-40.0 23.5 180.0
-40.0 25.75 169.0
-40.0 28.0 152.0
-40.0 30.25 140.0
-40.0 32.5 159.0
-40.0 34.75 128.0
-40.0 37.0 143.0
-40.0 39.25 130.0
-40.0 41.5 119.0
-40.0 43.75 119.0
-40.0 46.0 118.0
-40.0 48.25 116.0
-40.0 50.5 86.0
-40.0 52.75 83.0
-40.0 55.0 93.0
-40.0 57.25 97.0
-40.0 59.5 103.0
-40.0 61.75 107.0
-40.0 64.0 115.0
-40.0 66.25 62.0
-40.0 68.5 76.0
-40.0 70.75 65.0
-40.0 73.0 79.0
-40.0 75.25 74.0
-40.0 77.5 78.0
-40.0 79.75 79.0
-40.0 82.0 73.0
-40.0 84.25 89.0
-40.0 86.5 79.0
-40.0 88.75 81.0
-40.0 91.0 76.0
-40.0 93.25 91.0
-40.0 95.5 89.0
-40.0 97.75 84.0
-40.0 100.0 47.0
-37.5 10.0 328.0
-37.5 12.25 293.0
-37.5 14.5 221.0
-37.5 16.75 197.0
-37.5 19.0 188.0
-37.5 21.25 195.0
-37.5 23.5 161.0
-37.5 25.75 167.0
-37.5 28.0 154.0
-37.5 30.25 136.0
-37.5 32.5 139.0
-37.5 34.75 129.0
-37.5 37.0 136.0
-37.5 39.25 142.0
-37.5 41.5 118.0
-37.5 43.75 100.0
-37.5 46.0 112.0
-37.5 48.25 110.0
-37.5 50.5 88.0
-37.5 52.75 88.0
-37.5 55.0 101.0
-37.5 57.25 96.0
-37.5 59.5 100.0
-37.5 61.75 108.0
-37.5 64.0 99.0
-37.5 66.25 70.0
-37.5 68.5 60.0
-37.5 70.75 75.0
-37.5 73.0 71.0
-37.5 75.25 69.0
-37.5 77.5 74.0
-37.5 79.75 73.0
-37.5 82.0 80.0
-37.5 84.25 94.0
-37.5 86.5 82.0
-37.5 88.75 82.0
-37.5 91.0 82.0
-37.5 93.25 78.0
-37.5 95.5 88.0
-37.5 97.75 69.0
-37.5 100.0 38.0
-35.0 10.0 327.0
-35.0 12.25 273.0
-35.0 14.5 245.0
-35.0 16.75 213.0
-35.0 19.0 187.0
-35.0 21.25 195.0
-35.0 23.5 164.0
-35.0 25.75 138.0
-35.0 28.0 142.0
-35.0 30.25 148.0
-35.0 32.5 150.0
-35.0 34.75 118.0
-35.0 37.0 128.0
-35.0 39.25 129.0
-35.0 41.5 105.0
-35.0 43.75 117.0
-35.0 46.0 100.0
-35.0 48.25 102.0
-35.0 50.5 79.0
-35.0 52.75 80.0
-35.0 55.0 104.0
-35.0 57.25 85.0
-35.0 59.5 93.0
-35.0 61.75 88.0
-35.0 64.0 110.0
-35.0 66.25 64.0
-35.0 68.5 64.0
-35.0 70.75 67.0
-35.0 73.0 79.0
-35.0 75.25 69.0
-35.0 77.5 68.0
-35.0 79.75 72.0
-35.0 82.0 77.0
-35.0 84.25 79.0
-35.0 86.5 78.0
-35.0 88.75 82.0
-35.0 91.0 87.0
-35.0 93.25 89.0
-35.0 95.5 79.0
-35.0 97.75 85.0
-35.0 100.0 44.0
-32.5 10.0 297.0
-32.5 12.25 257.0
-32.5 14.5 208.0
-32.5 16.75 201.0
-32.5 19.0 189.0
-32.5 21.25 167.0
-32.5 23.5 152.0
-32.5 25.75 150.0
-32.5 28.0 144.0
-32.5 30.25 129.0
-32.5 32.5 135.0
-32.5 34.75 132.0
-32.5 37.0 132.0
-32.5 39.25 115.0
-32.5 41.5 105.0
-32.5 43.75 105.0
-32.5 46.0 112.0
-32.5 48.25 98.0
-32.5 50.5 78.0
-32.5 52.75 77.0
-32.5 55.0 91.0
-32.5 57.25 100.0
-32.5 59.5 99.0
-32.5 61.75 101.0
-32.5 64.0 106.0
-32.5 66.25 68.0
-32.5 68.5 63.0
-32.5 70.75 73.0
-32.5 73.0 72.0
-32.5 75.25 79.0
-32.5 77.5 79.0
-32.5 79.75 75.0
-32.5 82.0 69.0
-32.5 84.25 80.0
-32.5 86.5 68.0
-32.5 88.75 84.0
-32.5 91.0 79.0
-32.5 93.25 87.0
-32.5 95.5 71.0
-32.5 97.75 75.0
-32.5 100.0 43.0
-30.0 10.0 317.0
-30.0 12.25 262.0
-30.0 14.5 199.0
-30.0 16.75 193.0
-30.0 19.0 183.0
-30.0 21.25 168.0
-30.0 23.5 139.0
-30.0 25.75 166.0
-30.0 28.0 148.0
-30.0 30.25 137.0
-30.0 32.5 139.0
-30.0 34.75 109.0
-30.0 37.0 132.0
-30.0 39.25 114.0
-30.0 41.5 105.0
-30.0 43.75 101.0
-30.0 46.0 111.0
-30.0 48.25 105.0
-30.0 50.5 88.0
-30.0 52.75 69.0
-30.0 55.0 98.0
-30.0 57.25 100.0
-30.0 59.5 93.0
-30.0 61.75 87.0
-30.0 64.0 96.0
-30.0 66.25 68.0
-30.0 68.5 57.0
-30.0 70.75 63.0
-30.0 73.0 70.0
-30.0 75.25 64.0
-30.0 77.5 73.0
-30.0 79.75 67.0
-30.0 82.0 78.0
-30.0 84.25 77.0
-30.0 86.5 73.0
-30.0 88.75 84.0
-30.0 91.0 76.0
-30.0 93.25 79.0
-30.0 95.5 87.0
-30.0 97.75 88.0
-30.0 100.0 41.0
-27.5 10.0 262.0
-27.5 12.25 233.0
-27.5 14.5 198.0
-27.5 16.75 171.0
-27.5 19.0 163.0
-27.5 21.25 171.0
-27.5 23.5 159.0
-27.5 25.75 137.0
-27.5 28.0 147.0
-27.5 30.25 129.0
-27.5 32.5 124.0
-27.5 34.75 119.0
-27.5 37.0 110.0
-27.5 39.25 127.0
-27.5 41.5 92.0
-27.5 43.75 107.0
-27.5 46.0 101.0
-27.5 48.25 102.0
-27.5 50.5 79.0
-27.5 52.75 83.0
-27.5 55.0 82.0
-27.5 57.25 91.0
-27.5 59.5 81.0
-27.5 61.75 94.0
-27.5 64.0 90.0
-27.5 66.25 57.0
-27.5 68.5 60.0
-27.5 70.75 62.0
-27.5 73.0 65.0
-27.5 75.25 65.0
-27.5 77.5 79.0
-27.5 79.75 58.0
-27.5 82.0 71.0
-27.5 84.25 79.0
-27.5 86.5 68.0
-27.5 88.75 83.0
-27.5 91.0 87.0
-27.5 93.25 75.0
-27.5 95.5 81.0
-27.5 97.75 95.0
-27.5 100.0 47.0
-25.0 10.0 281.0
-25.0 12.25 242.0
-25.0 14.5 173.0
-25.0 16.75 169.0
-25.0 19.0 144.0
-25.0 21.25 157.0
-25.0 23.5 137.0
-25.0 25.75 134.0
-25.0 28.0 144.0
-25.0 30.25 124.0
-25.0 32.5 129.0
-25.0 34.75 113.0
-25.0 37.0 121.0
-25.0 39.25 111.0
-25.0 41.5 108.0
-25.0 43.75 97.0
-25.0 46.0 101.0
-25.0 48.25 85.0
-25.0 50.5 65.0
-25.0 52.75 74.0
-25.0 55.0 71.0
-25.0 57.25 83.0
-25.0 59.5 91.0
-25.0 61.75 90.0
-25.0 64.0 87.0
-25.0 66.25 52.0
-25.0 68.5 69.0
-25.0 70.75 62.0
-25.0 73.0 76.0
-25.0 75.25 69.0
-25.0 77.5 69.0
-25.0 79.75 66.0
-25.0 82.0 68.0
-25.0 84.25 73.0
-25.0 86.5 82.0
-25.0 88.75 80.0
-25.0 91.0 78.0
-25.0 93.25 80.0
-25.0 95.5 63.0
-25.0 97.75 65.0
-25.0 100.0 50.0
-22.5 10.0 243.0
-22.5 12.25 222.0
-22.5 14.5 149.0
-22.5 16.75 178.0
-22.5 19.0 144.0
-22.5 21.25 149.0
-22.5 23.5 117.0
-22.5 25.75 135.0
-22.5 28.0 115.0
-22.5 30.25 119.0
-22.5 32.5 98.0
-22.5 34.75 110.0
-22.5 37.0 107.0
-22.5 39.25 92.0
-22.5 41.5 85.0
-22.5 43.75 96.0
-22.5 46.0 100.0
-22.5 48.25 85.0
-22.5 50.5 66.0
-22.5 52.75 77.0
-22.5 55.0 79.0
-22.5 57.25 89.0
-22.5 59.5 91.0
-22.5 61.75 76.0
-22.5 64.0 74.0
-22.5 66.25 55.0
-22.5 68.5 62.0
-22.5 70.75 60.0
-22.5 73.0 53.0
-22.5 75.25 60.0
-22.5 77.5 59.0
-22.5 79.75 68.0
-22.5 82.0 74.0
-22.5 84.25 61.0
-22.5 86.5 80.0
-22.5 88.75 67.0
-22.5 91.0 78.0
-22.5 93.25 74.0
-22.5 95.5 83.0
-22.5 97.75 70.0
-22.5 100.0 38.0
-20.0 10.0 250.0
-20.0 12.25 208.0
-20.0 14.5 140.0
-20.0 16.75 169.0
-20.0 19.0 146.0
-20.0 21.25 145.0
-20.0 23.5 137.0
-20.0 25.75 140.0
-20.0 28.0 130.0
-20.0 30.25 109.0
-20.0 32.5 113.0
-20.0 34.75 86.0
-20.0 37.0 109.0
-20.0 39.25 117.0
-20.0 41.5 104.0
-20.0 43.75 84.0
-20.0 46.0 100.0
-20.0 48.25 88.0
-20.0 50.5 70.0
-20.0 52.75 79.0
-20.0 55.0 79.0
-20.0 57.25 93.0
-20.0 59.5 80.0
-20.0 61.75 81.0
-20.0 64.0 80.0
-20.0 66.25 61.0
-20.0 68.5 55.0
-20.0 70.75 56.0
-20.0 73.0 64.0
-20.0 75.25 73.0
-20.0 77.5 75.0
-20.0 79.75 66.0
-20.0 82.0 72.0
-20.0 84.25 63.0
-20.0 86.5 59.0
-20.0 88.75 77.0
-20.0 91.0 72.0
-20.0 93.25 75.0
-20.0 95.5 77.0
-20.0 97.75 81.0
-20.0 100.0 46.0
-17.5 10.0 205.0
-17.5 12.25 167.0
-17.5 14.5 124.0
-17.5 16.75 141.0
-17.5 19.0 123.0
-17.5 21.25 139.0
-17.5 23.5 118.0
-17.5 25.75 113.0
-17.5 28.0 112.0
-17.5 30.25 94.0
-17.5 32.5 124.0
-17.5 34.75 102.0
-17.5 37.0 94.0
-17.5 39.25 91.0
-17.5 41.5 75.0
-17.5 43.75 77.0
-17.5 46.0 86.0
-17.5 48.25 80.0
-17.5 50.5 59.0
-17.5 52.75 59.0
-17.5 55.0 76.0
-17.5 57.25 72.0
-17.5 59.5 79.0
-17.5 61.75 76.0
-17.5 64.0 77.0
-17.5 66.25 54.0
-17.5 68.5 53.0
-17.5 70.75 63.0
-17.5 73.0 67.0
-17.5 75.25 65.0
-17.5 77.5 54.0
-17.5 79.75 62.0
-17.5 82.0 56.0
-17.5 84.25 58.0
-17.5 86.5 65.0
-17.5 88.75 69.0
-17.5 91.0 74.0
-17.5 93.25 65.0
-17.5 95.5 86.0
-17.5 97.75 73.0
-17.5 100.0 37.0
-15.0 10.0 215.0
-15.0 12.25 171.0
-15.0 14.5 168.0
-15.0 16.75 142.0
-15.0 19.0 120.0
-15.0 21.25 108.0
-15.0 23.5 126.0
-15.0 25.75 100.0
-15.0 28.0 110.0
-15.0 30.25 112.0
-15.0 32.5 101.0
-15.0 34.75 103.0
-15.0 37.0 102.0
-15.0 39.25 120.0
-15.0 41.5 68.0
-15.0 43.75 76.0
-15.0 46.0 87.0
-15.0 48.25 86.0
-15.0 50.5 61.0
-15.0 52.75 75.0
-15.0 55.0 69.0
-15.0 57.25 64.0
-15.0 59.5 82.0
-15.0 61.75 81.0
-15.0 64.0 82.0
-15.0 66.25 59.0
-15.0 68.5 49.0
-15.0 70.75 60.0
-15.0 73.0 54.0
-15.0 75.25 57.0
-15.0 77.5 66.0
-15.0 79.75 64.0
-15.0 82.0 65.0
-15.0 84.25 72.0
-15.0 86.5 59.0
-15.0 88.75 66.0
-15.0 91.0 77.0
-15.0 93.25 65.0
-15.0 95.5 71.0
-15.0 97.75 61.0
-15.0 100.0 40.0
-12.5 10.0 162.0
-12.5 12.25 152.0
-12.5 14.5 128.0
-12.5 16.75 117.0
-12.5 19.0 108.0
-12.5 21.25 111.0
-12.5 23.5 107.0
-12.5 25.75 103.0
-12.5 28.0 98.0
-12.5 30.25 94.0
-12.5 32.5 99.0
-12.5 34.75 98.0
-12.5 37.0 81.0
-12.5 39.25 98.0
-12.5 41.5 85.0
-12.5 43.75 79.0
-12.5 46.0 78.0
-12.5 48.25 68.0
-12.5 50.5 59.0
-12.5 52.75 67.0
-12.5 55.0 64.0
-12.5 57.25 71.0
-12.5 59.5 65.0
-12.5 61.75 81.0
-12.5 64.0 79.0
-12.5 66.25 60.0
-12.5 68.5 50.0
-12.5 70.75 65.0
-12.5 73.0 56.0
-12.5 75.25 58.0
-12.5 77.5 52.0
-12.5 79.75 54.0
-12.5 82.0 61.0
-12.5 84.25 64.0
-12.5 86.5 64.0
-12.5 88.75 61.0
-12.5 91.0 69.0
-12.5 93.25 55.0
-12.5 95.5 63.0
-12.5 97.75 75.0
-12.5 100.0 35.0
-10.0 10.0 178.0
-10.0 12.25 148.0
-10.0 14.5 126.0
-10.0 16.75 123.0
-10.0 19.0 107.0
-10.0 21.25 123.0
-10.0 23.5 90.0
-10.0 25.75 96.0
-10.0 28.0 105.0
-10.0 30.25 94.0
-10.0 32.5 87.0
-10.0 34.75 100.0
-10.0 37.0 102.0
-10.0 39.25 88.0
-10.0 41.5 79.0
-10.0 43.75 73.0
-10.0 46.0 95.0
-10.0 48.25 76.0
-10.0 50.5 64.0
-10.0 52.75 63.0
-10.0 55.0 61.0
-10.0 57.25 69.0
-10.0 59.5 82.0
-10.0 61.75 78.0
-10.0 64.0 82.0
-10.0 66.25 46.0
-10.0 68.5 62.0
-10.0 70.75 52.0
-10.0 73.0 43.0
-10.0 75.25 55.0
-10.0 77.5 52.0
-10.0 79.75 58.0
-10.0 82.0 62.0
-10.0 84.25 58.0
-10.0 86.5 58.0
-10.0 88.75 63.0
-10.0 91.0 71.0
-10.0 93.25 57.0
-10.0 95.5 66.0
-10.0 97.75 76.0
-10.0 100.0 26.0
-7.5 10.0 151.0
-7.5 12.25 131.0
-7.5 14.5 104.0
-7.5 16.75 116.0
-7.5 19.0 110.0
-7.5 21.25 98.0
-7.5 23.5 87.0
-7.5 25.75 82.0
-7.5 28.0 78.0
-7.5 30.25 93.0
-7.5 32.5 89.0
-7.5 34.75 77.0
-7.5 37.0 78.0
-7.5 39.25 88.0
-7.5 41.5 72.0
-7.5 43.75 69.0
-7.5 46.0 84.0
-7.5 48.25 69.0
-7.5 50.5 54.0
-7.5 52.75 68.0
-7.5 55.0 68.0
-7.5 57.25 72.0
-7.5 59.5 73.0
-7.5 61.75 72.0
-7.5 64.0 84.0
-7.5 66.25 52.0
-7.5 68.5 41.0
-7.5 70.75 49.0
-7.5 73.0 42.0
-7.5 75.25 49.0
-7.5 77.5 59.0
-7.5 79.75 68.0
-7.5 82.0 59.0
-7.5 84.25 58.0
-7.5 86.5 68.0
-7.5 88.75 74.0
-7.5 91.0 69.0
-7.5 93.25 70.0
-7.5 95.5 59.0
-7.5 97.75 59.0
-7.5 100.0 31.0
-5.0 10.0 135.0
-5.0 12.25 135.0
-5.0 14.5 101.0
-5.0 16.75 104.0
-5.0 19.0 100.0
-5.0 21.25 95.0
-5.0 23.5 78.0
-5.0 25.75 88.0
-5.0 28.0 82.0
-5.0 30.25 90.0
-5.0 32.5 94.0
-5.0 34.75 72.0
-5.0 37.0 78.0
-5.0 39.25 86.0
-5.0 41.5 73.0
-5.0 43.75 86.0
-5.0 46.0 84.0
-5.0 48.25 68.0
-5.0 50.5 53.0
-5.0 52.75 56.0
-5.0 55.0 62.0
-5.0 57.25 61.0
-5.0 59.5 62.0
-5.0 61.75 62.0
-5.0 64.0 58.0
-5.0 66.25 48.0
-5.0 68.5 47.0
-5.0 70.75 57.0
-5.0 73.0 55.0
-5.0 75.25 53.0
-5.0 77.5 48.0
-5.0 79.75 62.0
-5.0 82.0 62.0
-5.0 84.25 62.0
-5.0 86.5 71.0
-5.0 88.75 60.0
-5.0 91.0 71.0
-5.0 93.25 56.0
-5.0 95.5 63.0
-5.0 97.75 70.0
-5.0 100.0 35.0
-2.5 10.0 121.0
-2.5 12.25 105.0
-2.5 14.5 64.0
-2.5 16.75 83.0
-2.5 19.0 65.0
-2.5 21.25 87.0
-2.5 23.5 76.0
-2.5 25.75 80.0
-2.5 28.0 80.0
-2.5 30.25 72.0
-2.5 32.5 74.0
-2.5 34.75 73.0
-2.5 37.0 69.0
-2.5 39.25 68.0
-2.5 41.5 58.0
-2.5 43.75 55.0
-2.5 46.0 67.0
-2.5 48.25 62.0
-2.5 50.5 53.0
-2.5 52.75 54.0
-2.5 55.0 62.0
-2.5 57.25 69.0
-2.5 59.5 55.0
-2.5 61.75 62.0
-2.5 64.0 62.0
-2.5 66.25 46.0
-2.5 68.5 42.0
-2.5 70.75 47.0
-2.5 73.0 50.0
-2.5 75.25 49.0
-2.5 77.5 52.0
-2.5 79.75 49.0
-2.5 82.0 56.0
-2.5 84.25 61.0
-2.5 86.5 65.0
-2.5 88.75 56.0
-2.5 91.0 60.0
-2.5 93.25 62.0
-2.5 95.5 67.0
-2.5 97.75 61.0
-2.5 100.0 33.0
0.0 10.0 115.0
0.0 12.25 103.0
0.0 14.5 75.0
0.0 16.75 80.0
0.0 19.0 75.0
0.0 21.25 83.0
0.0 23.5 68.0
0.0 25.75 77.0
0.0 28.0 70.0
0.0 30.25 76.0
0.0 32.5 68.0
0.0 34.75 62.0
0.0 37.0 62.0
0.0 39.25 91.0
0.0 41.5 61.0
0.0 43.75 56.0
0.0 46.0 72.0
0.0 48.25 60.0
0.0 50.5 61.0
0.0 52.75 57.0
0.0 55.0 58.0
0.0 57.25 60.0
0.0 59.5 73.0
0.0 61.75 69.0
0.0 64.0 74.0
0.0 66.25 46.0
0.0 68.5 45.0
0.0 70.75 49.0
0.0 73.0 46.0
0.0 75.25 43.0
0.0 77.5 54.0
0.0 79.75 51.0
0.0 82.0 56.0
0.0 84.25 65.0
0.0 86.5 55.0
0.0 88.75 62.0
0.0 91.0 56.0
0.0 93.25 78.0
0.0 95.5 57.0
0.0 97.75 65.0
0.0 100.0 33.0
2.5 10.0 131.0
2.5 12.25 96.0
2.5 14.5 94.0
2.5 16.75 96.0
2.5 19.0 80.0
2.5 21.25 93.0
2.5 23.5 78.0
2.5 25.75 81.0
2.5 28.0 76.0
2.5 30.25 87.0
2.5 32.5 77.0
2.5 34.75 78.0
2.5 37.0 80.0
2.5 39.25 71.0
2.5 41.5 65.0
2.5 43.75 60.0
2.5 46.0 66.0
2.5 48.25 56.0
2.5 50.5 50.0
2.5 52.75 56.0
2.5 55.0 58.0
2.5 57.25 63.0
2.5 59.5 68.0
2.5 61.75 74.0
2.5 64.0 69.0
2.5 66.25 49.0
2.5 68.5 49.0
2.5 70.75 44.0
2.5 73.0 52.0
2.5 75.25 51.0
2.5 77.5 45.0
2.5 79.75 58.0
2.5 82.0 60.0
2.5 84.25 65.0
2.5 86.5 65.0
2.5 88.75 60.0
2.5 91.0 69.0
2.5 93.25 70.0
2.5 95.5 67.0
2.5 97.75 65.0
2.5 100.0 27.0
5.0 10.0 90.0
5.0 12.25 109.0
5.0 14.5 88.0
5.0 16.75 85.0
5.0 19.0 91.0
5.0 21.25 92.0
5.0 23.5 65.0
5.0 25.75 54.0
5.0 28.0 77.0
5.0 30.25 68.0
5.0 32.5 81.0
5.0 34.75 64.0
5.0 37.0 78.0
5.0 39.25 72.0
5.0 41.5 64.0
5.0 43.75 66.0
5.0 46.0 63.0
5.0 48.25 75.0
5.0 50.5 43.0
5.0 52.75 49.0
5.0 55.0 49.0
5.0 57.25 55.0
5.0 59.5 61.0
5.0 61.75 59.0
5.0 64.0 67.0
5.0 66.25 43.0
5.0 68.5 48.0
5.0 70.75 42.0
5.0 73.0 45.0
5.0 75.25 51.0
5.0 77.5 48.0
5.0 79.75 56.0
5.0 82.0 54.0
5.0 84.25 56.0
5.0 86.5 48.0
5.0 88.75 51.0
5.0 91.0 57.0
5.0 93.25 50.0
5.0 95.5 63.0
5.0 97.75 49.0
5.0 100.0 23.0
7.5 10.0 87.0
7.5 12.25 78.0
7.5 14.5 68.0
7.5 16.75 70.0
7.5 19.0 70.0
7.5 21.25 79.0
7.5 23.5 65.0
7.5 25.75 60.0
7.5 28.0 72.0
7.5 30.25 77.0
7.5 32.5 62.0
7.5 34.75 56.0
7.5 37.0 60.0
7.5 39.25 73.0
7.5 41.5 56.0
7.5 43.75 49.0
7.5 46.0 61.0
7.5 48.25 54.0
7.5 50.5 43.0
7.5 52.75 37.0
7.5 55.0 60.0
7.5 57.25 55.0
7.5 59.5 55.0
7.5 61.75 57.0
7.5 64.0 65.0
7.5 66.25 40.0
7.5 68.5 36.0
7.5 70.75 47.0
7.5 73.0 51.0
7.5 75.25 50.0
7.5 77.5 41.0
7.5 79.75 48.0
7.5 82.0 55.0
7.5 84.25 50.0
7.5 86.5 51.0
7.5 88.75 63.0
7.5 91.0 50.0
7.5 93.25 60.0
7.5 95.5 64.0
7.5 97.75 54.0
7.5 100.0 28.0
10.0 10.0 52.0
10.0 12.25 92.0
10.0 14.5 55.0
10.0 16.75 73.0
10.0 19.0 59.0
10.0 21.25 68.0
10.0 23.5 74.0
10.0 25.75 64.0
10.0 28.0 77.0
10.0 30.25 58.0
10.0 32.5 72.0
10.0 34.75 56.0
10.0 37.0 67.0
10.0 39.25 63.0
10.0 41.5 59.0
10.0 43.75 48.0
10.0 46.0 66.0
10.0 48.25 51.0
10.0 50.5 40.0
10.0 52.75 54.0
10.0 55.0 59.0
10.0 57.25 60.0
10.0 59.5 45.0
10.0 61.75 54.0
10.0 64.0 61.0
10.0 66.25 37.0
10.0 68.5 32.0
10.0 70.75 40.0
10.0 73.0 44.0
10.0 75.25 45.0
10.0 77.5 54.0
10.0 79.75 40.0
10.0 82.0 49.0
10.0 84.25 43.0
10.0 86.5 46.0
10.0 88.75 65.0
10.0 91.0 60.0
10.0 93.25 58.0
10.0 95.5 59.0
10.0 97.75 54.0
10.0 100.0 27.0
12.5 10.0 90.0
12.5 12.25 84.0
12.5 14.5 70.0
12.5 16.75 56.0
12.5 19.0 50.0
12.5 21.25 56.0
12.5 23.5 59.0
12.5 25.75 56.0
12.5 28.0 57.0
12.5 30.25 56.0
12.5 32.5 49.0
12.5 34.75 53.0
12.5 37.0 56.0
12.5 39.25 74.0
12.5 41.5 57.0
12.5 43.75 53.0
12.5 46.0 52.0
12.5 48.25 53.0
12.5 50.5 46.0
12.5 52.75 45.0
12.5 55.0 43.0
12.5 57.25 41.0
12.5 59.5 49.0
12.5 61.75 57.0
12.5 64.0 60.0
12.5 66.25 39.0
12.5 68.5 47.0
12.5 70.75 42.0
12.5 73.0 32.0
12.5 75.25 41.0
12.5 77.5 36.0
12.5 79.75 52.0
12.5 82.0 48.0
12.5 84.25 53.0
12.5 86.5 55.0
12.5 88.75 59.0
12.5 91.0 51.0
12.5 93.25 55.0
12.5 95.5 52.0
12.5 97.75 58.0
12.5 100.0 35.0
15.0 10.0 93.0
15.0 12.25 78.0
15.0 14.5 63.0
15.0 16.75 60.0
15.0 19.0 58.0
15.0 21.25 50.0
15.0 23.5 45.0
15.0 25.75 38.0
15.0 28.0 46.0
15.0 30.25 45.0
15.0 32.5 54.0
15.0 34.75 55.0
15.0 37.0 51.0
15.0 39.25 55.0
15.0 41.5 58.0
15.0 43.75 46.0
15.0 46.0 49.0
15.0 48.25 55.0
15.0 50.5 41.0
15.0 52.75 41.0
15.0 55.0 42.0
15.0 57.25 49.0
15.0 59.5 51.0
15.0 61.75 47.0
15.0 64.0 55.0
15.0 66.25 36.0
15.0 68.5 36.0
15.0 70.75 44.0
15.0 73.0 45.0
15.0 75.25 47.0
15.0 77.5 45.0
15.0 79.75 48.0
15.0 82.0 41.0
15.0 84.25 49.0
15.0 86.5 52.0
15.0 88.75 52.0
15.0 91.0 52.0
15.0 93.25 48.0
15.0 95.5 54.0
15.0 97.75 52.0
15.0 100.0 26.0
17.5 10.0 129.0
17.5 12.25 83.0
17.5 14.5 63.0
17.5 16.75 47.0
17.5 19.0 45.0
17.5 21.25 53.0
17.5 23.5 36.0
17.5 25.75 56.0
17.5 28.0 44.0
17.5 30.25 46.0
17.5 32.5 51.0
17.5 34.75 48.0
17.5 37.0 44.0
17.5 39.25 58.0
17.5 41.5 48.0
17.5 43.75 41.0
17.5 46.0 58.0
17.5 48.25 38.0
17.5 50.5 34.0
17.5 52.75 30.0
17.5 55.0 40.0
17.5 57.25 45.0
17.5 59.5 56.0
17.5 61.75 41.0
17.5 64.0 46.0
17.5 66.25 33.0
17.5 68.5 33.0
17.5 70.75 36.0
17.5 73.0 40.0
17.5 75.25 46.0
17.5 77.5 45.0
17.5 79.75 33.0
17.5 82.0 48.0
17.5 84.25 51.0
17.5 86.5 46.0
17.5 88.75 49.0
17.5 91.0 57.0
17.5 93.25 54.0
17.5 95.5 49.0
17.5 97.75 44.0
17.5 100.0 30.0
20.0 10.0 125.0
20.0 12.25 114.0
20.0 14.5 74.0
20.0 16.75 50.0
20.0 19.0 48.0
20.0 21.25 54.0
20.0 23.5 37.0
20.0 25.75 30.0
20.0 28.0 35.0
20.0 30.25 36.0
20.0 32.5 45.0
20.0 34.75 42.0
20.0 37.0 42.0
20.0 39.25 46.0
20.0 41.5 47.0
20.0 43.75 45.0
20.0 46.0 34.0
20.0 48.25 50.0
20.0 50.5 39.0
20.0 52.75 41.0
20.0 55.0 38.0
20.0 57.25 43.0
20.0 59.5 47.0
20.0 61.75 41.0
20.0 64.0 49.0
20.0 66.25 36.0
20.0 68.5 38.0
20.0 70.75 38.0
20.0 73.0 30.0
20.0 75.25 36.0
20.0 77.5 38.0
20.0 79.75 54.0
20.0 82.0 45.0
20.0 84.25 42.0
20.0 86.5 50.0
20.0 88.75 43.0
20.0 91.0 46.0
20.0 93.25 50.0
20.0 95.5 47.0
20.0 97.75 55.0
20.0 100.0 22.0
22.5 10.0 155.0
22.5 12.25 105.0
22.5 14.5 82.0
22.5 16.75 59.0
22.5 19.0 43.0
22.5 21.25 43.0
22.5 23.5 43.0
22.5 25.75 32.0
22.5 28.0 25.0
22.5 30.25 27.0
22.5 32.5 38.0
22.5 34.75 42.0
22.5 37.0 48.0
22.5 39.25 49.0
22.5 41.5 39.0
22.5 43.75 39.0
22.5 46.0 38.0
22.5 48.25 39.0
22.5 50.5 32.0
22.5 52.75 33.0
22.5 55.0 45.0
22.5 57.25 35.0
22.5 59.5 38.0
22.5 61.75 47.0
22.5 64.0 47.0
22.5 66.25 36.0
22.5 68.5 28.0
22.5 70.75 34.0
22.5 73.0 33.0
22.5 75.25 40.0
22.5 77.5 33.0
22.5 79.75 48.0
22.5 82.0 45.0
22.5 84.25 42.0
22.5 86.5 47.0
22.5 88.75 50.0
22.5 91.0 44.0
22.5 93.25 55.0
22.5 95.5 48.0
22.5 97.75 47.0
22.5 100.0 22.0
25.0 10.0 146.0
25.0 12.25 122.0
25.0 14.5 106.0
25.0 16.75 76.0
25.0 19.0 71.0
25.0 21.25 34.0
25.0 23.5 40.0
25.0 25.75 37.0
25.0 28.0 37.0
25.0 30.25 25.0
25.0 32.5 39.0
25.0 34.75 28.0
25.0 37.0 40.0
25.0 39.25 44.0
25.0 41.5 40.0
25.0 43.75 48.0
25.0 46.0 37.0
25.0 48.25 37.0
25.0 50.5 28.0
25.0 52.75 36.0
25.0 55.0 35.0
25.0 57.25 39.0
25.0 59.5 43.0
25.0 61.75 39.0
25.0 64.0 48.0
25.0 66.25 27.0
25.0 68.5 28.0
25.0 70.75 34.0
25.0 73.0 44.0
25.0 75.25 26.0
25.0 77.5 34.0
25.0 79.75 49.0
25.0 82.0 40.0
25.0 84.25 39.0
25.0 86.5 56.0
25.0 88.75 48.0
25.0 91.0 43.0
25.0 93.25 47.0
25.0 95.5 38.0
25.0 97.75 44.0
25.0 100.0 18.0
27.5 10.0 190.0
27.5 12.25 122.0
27.5 14.5 104.0
27.5 16.75 71.0
27.5 19.0 56.0
27.5 21.25 57.0
27.5 23.5 46.0
27.5 25.75 41.0
27.5 28.0 30.0
27.5 30.25 35.0
27.5 32.5 29.0
27.5 34.75 42.0
27.5 37.0 40.0
27.5 39.25 35.0
27.5 41.5 29.0
27.5 43.75 22.0
27.5 46.0 40.0
27.5 48.25 33.0
27.5 50.5 35.0
27.5 52.75 29.0
27.5 55.0 38.0
27.5 57.25 32.0
27.5 59.5 36.0
27.5 61.75 43.0
27.5 64.0 41.0
27.5 66.25 24.0
27.5 68.5 30.0
27.5 70.75 27.0
27.5 73.0 34.0
27.5 75.25 40.0
27.5 77.5 37.0
27.5 79.75 44.0
27.5 82.0 42.0
27.5 84.25 45.0
27.5 86.5 47.0
27.5 88.75 53.0
27.5 91.0 44.0
27.5 93.25 53.0
27.5 95.5 39.0
27.5 97.75 46.0
27.5 100.0 22.0
30.0 10.0 193.0
30.0 12.25 164.0
30.0 14.5 126.0
30.0 16.75 93.0
30.0 19.0 84.0
30.0 21.25 70.0
30.0 23.5 48.0
30.0 25.75 41.0
30.0 28.0 27.0
30.0 30.25 18.0
30.0 32.5 30.0
30.0 34.75 28.0
30.0 37.0 33.0
30.0 39.25 42.0
30.0 41.5 32.0
30.0 43.75 33.0
30.0 46.0 34.0
30.0 48.25 33.0
30.0 50.5 18.0
30.0 52.75 33.0
30.0 55.0 20.0
30.0 57.25 32.0
30.0 59.5 35.0
30.0 61.75 38.0
30.0 64.0 35.0
30.0 66.25 25.0
30.0 68.5 29.0
30.0 70.75 31.0
30.0 73.0 29.0
30.0 75.25 27.0
30.0 77.5 33.0
30.0 79.75 30.0
30.0 82.0 35.0
30.0 84.25 45.0
30.0 86.5 33.0
30.0 88.75 46.0
30.0 91.0 53.0
30.0 93.25 36.0
30.0 95.5 35.0
30.0 97.75 39.0
30.0 100.0 12.0
32.5 10.0 201.0
32.5 12.25 148.0
32.5 14.5 130.0
32.5 16.75 67.0
32.5 19.0 93.0
32.5 21.25 49.0
32.5 23.5 57.0
32.5 25.75 48.0
32.5 28.0 27.0
32.5 30.25 26.0
32.5 32.5 13.0
32.5 34.75 27.0
32.5 37.0 27.0
32.5 39.25 30.0
32.5 41.5 32.0
32.5 43.75 23.0
32.5 46.0 31.0
32.5 48.25 34.0
32.5 50.5 32.0
32.5 52.75 33.0
32.5 55.0 32.0
32.5 57.25 37.0
32.5 59.5 34.0
32.5 61.75 45.0
32.5 64.0 46.0
32.5 66.25 22.0
32.5 68.5 23.0
32.5 70.75 37.0
32.5 73.0 25.0
32.5 75.25 35.0
32.5 77.5 32.0
32.5 79.75 39.0
32.5 82.0 39.0
32.5 84.25 34.0
32.5 86.5 39.0
32.5 88.75 36.0
32.5 91.0 34.0
32.5 93.25 47.0
32.5 95.5 42.0
32.5 97.75 41.0
32.5 100.0 20.0
35.0 10.0 226.0
35.0 12.25 173.0
35.0 14.5 155.0
35.0 16.75 112.0
35.0 19.0 96.0
35.0 21.25 70.0
35.0 23.5 69.0
35.0 25.75 45.0
35.0 28.0 42.0
35.0 30.25 36.0
35.0 32.5 34.0
35.0 34.75 22.0
35.0 37.0 19.0
35.0 39.25 27.0
35.0 41.5 24.0
35.0 43.75 26.0
35.0 46.0 29.0
35.0 48.25 32.0
35.0 50.5 22.0
35.0 52.75 26.0
35.0 55.0 32.0
35.0 57.25 31.0
35.0 59.5 33.0
35.0 61.75 32.0
35.0 64.0 46.0
35.0 66.25 19.0
35.0 68.5 26.0
35.0 70.75 27.0
35.0 73.0 32.0
35.0 75.25 29.0
35.0 77.5 36.0
35.0 79.75 28.0
35.0 82.0 40.0
35.0 84.25 25.0
35.0 86.5 37.0
35.0 88.75 40.0
35.0 91.0 41.0
35.0 93.25 39.0
35.0 95.5 39.0
35.0 97.75 32.0
35.0 100.0 19.0
37.5 10.0 240.0
37.5 12.25 170.0
37.5 14.5 153.0
37.5 16.75 106.0
37.5 19.0 104.0
37.5 21.25 92.0
37.5 23.5 66.0
37.5 25.75 59.0
37.5 28.0 41.0
37.5 30.25 34.0
37.5 32.5 22.0
37.5 34.75 24.0
37.5 37.0 26.0
37.5 39.25 23.0
37.5 41.5 14.0
37.5 43.75 17.0
37.5 46.0 25.0
37.5 48.25 19.0
37.5 50.5 18.0
37.5 52.75 26.0
37.5 55.0 33.0
37.5 57.25 30.0
37.5 59.5 38.0
37.5 61.75 30.0
37.5 64.0 35.0
37.5 66.25 26.0
37.5 68.5 27.0
37.5 70.75 29.0
37.5 73.0 22.0
37.5 75.25 30.0
37.5 77.5 28.0
37.5 79.75 33.0
37.5 82.0 28.0
37.5 84.25 44.0
37.5 86.5 36.0
37.5 88.75 33.0
37.5 91.0 31.0
37.5 93.25 46.0
37.5 95.5 48.0
37.5 97.75 36.0
37.5 100.0 18.0
40.0 10.0 263.0
40.0 12.25 188.0
40.0 14.5 160.0
40.0 16.75 126.0
40.0 19.0 114.0
40.0 21.25 101.0
40.0 23.5 73.0
40.0 25.75 58.0
40.0 28.0 50.0
40.0 30.25 43.0
40.0 32.5 38.0
40.0 34.75 26.0
40.0 37.0 26.0
40.0 39.25 23.0
40.0 41.5 17.0
40.0 43.75 15.0
40.0 46.0 16.0
40.0 48.25 19.0
40.0 50.5 19.0
40.0 52.75 24.0
40.0 55.0 25.0
40.0 57.25 38.0
40.0 59.5 29.0
40.0 61.75 27.0
40.0 64.0 32.0
40.0 66.25 20.0
40.0 68.5 15.0
40.0 70.75 27.0
40.0 73.0 23.0
40.0 75.25 22.0
40.0 77.5 32.0
40.0 79.75 33.0
40.0 82.0 35.0
40.0 84.25 27.0
40.0 86.5 26.0
40.0 88.75 38.0
40.0 91.0 37.0
40.0 93.25 39.0
40.0 95.5 31.0
40.0 97.75 29.0
40.0 100.0 18.0
42.5 10.0 286.0
42.5 12.25 226.0
42.5 14.5 159.0
42.5 16.75 128.0
42.5 19.0 117.0
42.5 21.25 82.0
42.5 23.5 81.0
42.5 25.75 72.0
42.5 28.0 53.0
42.5 30.25 44.0
42.5 32.5 49.0
42.5 34.75 26.0
42.5 37.0 20.0
42.5 39.25 27.0
42.5 41.5 20.0
42.5 43.75 19.0
42.5 46.0 15.0
42.5 48.25 22.0
42.5 50.5 21.0
42.5 52.75 14.0
42.5 55.0 15.0
42.5 57.25 24.0
42.5 59.5 36.0
42.5 61.75 29.0
42.5 64.0 25.0
42.5 66.25 15.0
42.5 68.5 19.0
42.5 70.75 25.0
42.5 73.0 25.0
42.5 75.25 24.0
42.5 77.5 26.0
42.5 79.75 26.0
42.5 82.0 25.0
42.5 84.25 38.0
42.5 86.5 31.0
42.5 88.75 32.0
42.5 91.0 29.0
42.5 93.25 34.0
42.5 95.5 34.0
42.5 97.75 28.0
42.5 100.0 22.0
45.0 10.0 264.0
45.0 12.25 214.0
45.0 14.5 192.0
45.0 16.75 137.0
45.0 19.0 133.0
45.0 21.25 95.0
45.0 23.5 98.0
45.0 25.75 60.0
45.0 28.0 51.0
45.0 30.25 46.0
45.0 32.5 47.0
45.0 34.75 28.0
45.0 37.0 42.0
45.0 39.25 24.0
45.0 41.5 14.0
45.0 43.75 20.0
45.0 46.0 11.0
45.0 48.25 14.0
45.0 50.5 13.0
45.0 52.75 17.0
45.0 55.0 16.0
45.0 57.25 23.0
45.0 59.5 16.0
45.0 61.75 23.0
45.0 64.0 28.0
45.0 66.25 17.0
45.0 68.5 17.0
45.0 70.75 21.0
45.0 73.0 20.0
45.0 75.25 23.0
45.0 77.5 30.0
45.0 79.75 20.0
45.0 82.0 23.0
45.0 84.25 31.0
45.0 86.5 31.0
45.0 88.75 40.0
45.0 91.0 31.0
45.0 93.25 31.0
45.0 95.5 25.0
45.0 97.75 24.0
45.0 100.0 22.0
47.5 10.0 283.0
47.5 12.25 196.0
47.5 14.5 156.0
47.5 16.75 127.0
47.5 19.0 112.0
47.5 21.25 88.0
47.5 23.5 82.0
47.5 25.75 70.0
47.5 28.0 46.0
47.5 30.25 43.0
47.5 32.5 35.0
47.5 34.75 46.0
47.5 37.0 30.0
47.5 39.25 33.0
47.5 41.5 20.0
47.5 43.75 19.0
47.5 46.0 13.0
47.5 48.25 14.0
47.5 50.5 13.0
47.5 52.75 13.0
47.5 55.0 20.0
47.5 57.25 14.0
47.5 59.5 29.0
47.5 61.75 20.0
47.5 64.0 31.0
47.5 66.25 22.0
47.5 68.5 22.0
47.5 70.75 24.0
47.5 73.0 22.0
47.5 75.25 28.0
47.5 77.5 29.0
47.5 79.75 23.0
47.5 82.0 30.0
47.5 84.25 34.0
47.5 86.5 32.0
47.5 88.75 40.0
47.5 91.0 38.0
47.5 93.25 32.0
47.5 95.5 42.0
47.5 97.75 38.0
47.5 100.0 15.0
50.0 10.0 279.0
50.0 12.25 228.0
50.0 14.5 189.0
50.0 16.75 129.0
50.0 19.0 137.0
50.0 21.25 103.0
50.0 23.5 84.0
50.0 25.75 76.0
50.0 28.0 57.0
50.0 30.25 50.0
50.0 32.5 56.0
50.0 34.75 36.0
50.0 37.0 38.0
50.0 39.25 39.0
50.0 41.5 29.0
50.0 43.75 20.0
50.0 46.0 17.0
50.0 48.25 13.0
50.0 50.5 16.0
50.0 52.75 11.0
50.0 55.0 12.0
50.0 57.25 20.0
50.0 59.5 19.0
50.0 61.75 22.0
50.0 64.0 25.0
50.0 66.25 17.0
50.0 68.5 18.0
50.0 70.75 18.0
50.0 73.0 30.0
50.0 75.25 23.0
50.0 77.5 28.0
50.0 79.75 20.0
50.0 82.0 31.0
50.0 84.25 34.0
50.0 86.5 33.0
50.0 88.75 28.0
50.0 91.0 31.0
50.0 93.25 31.0
50.0 95.5 24.0
50.0 97.75 32.0
50.0 100.0 11.0
