-50.0 10.0 601.0
-50.0 12.25 473.0
-50.0 14.5 398.0
-50.0 16.75 358.0
-50.0 19.0 327.0
-50.0 21.25 325.0
-50.0 23.5 293.0
-50.0 25.75 276.0
-50.0 28.0 264.0
-50.0 30.25 252.0
-50.0 32.5 240.0
-50.0 34.75 229.0
-50.0 37.0 219.0
-50.0 39.25 235.0
-50.0 41.5 185.0
-50.0 43.75 189.0
-50.0 46.0 186.0
-50.0 48.25 188.0
-50.0 50.5 151.0
-50.0 52.75 146.0
-50.0 55.0 137.0
-50.0 57.25 145.0
-50.0 59.5 169.0
-50.0 61.75 166.0
-50.0 64.0 170.0
-50.0 66.25 108.0
-50.0 68.5 112.0
-50.0 70.75 122.0
-50.0 73.0 115.0
-50.0 75.25 120.0
-50.0 77.5 122.0
-50.0 79.75 126.0
-50.0 82.0 120.0
-50.0 84.25 124.0
-50.0 86.5 125.0
-50.0 88.75 130.0
-50.0 91.0 127.0
-50.0 93.25 141.0
-50.0 95.5 126.0
-50.0 97.75 140.0
-50.0 100.0 63.0
-47.5 10.0 534.0
-47.5 12.25 455.0
-47.5 14.5 375.0
-47.5 16.75 344.0
-47.5 19.0 309.0
-47.5 21.25 304.0
-47.5 23.5 269.0
-47.5 25.75 265.0
-47.5 28.0 257.0
-47.5 30.25 225.0
-47.5 32.5 212.0
-47.5 34.75 212.0
-47.5 37.0 208.0
-47.5 39.25 228.0
-47.5 41.5 163.0
-47.5 43.75 163.0
-47.5 46.0 173.0
-47.5 48.25 172.0
-47.5 50.5 143.0
-47.5 52.75 134.0
-47.5 55.0 149.0
-47.5 57.25 143.0
-47.5 59.5 150.0
-47.5 61.75 147.0
-47.5 64.0 168.0
-47.5 66.25 107.0
-47.5 68.5 95.0
-47.5 70.75 111.0
-47.5 73.0 113.0
-47.5 75.25 105.0
-47.5 77.5 115.0
-47.5 79.75 115.0
-47.5 82.0 119.0
-47.5 84.25 140.0
-47.5 86.5 137.0
-47.5 88.75 119.0
-47.5 91.0 133.0
-47.5 93.25 130.0
-47.5 95.5 124.0
-47.5 97.75 141.0
-47.5 100.0 61.0
-45.0 10.0 571.0
-45.0 12.25 505.0
-45.0 14.5 387.0
-45.0 16.75 379.0
-45.0 19.0 326.0
-45.0 21.25 338.0
-45.0 23.5 273.0
-45.0 25.75 283.0
-45.0 28.0 288.0
-45.0 30.25 243.0
-45.0 32.5 235.0
-45.0 34.75 218.0
-45.0 37.0 206.0
-45.0 39.25 220.0
-45.0 41.5 179.0
-45.0 43.75 177.0
-45.0 46.0 191.0
-45.0 48.25 172.0
-45.0 50.5 137.0
-45.0 52.75 144.0
-45.0 55.0 150.0
-45.0 57.25 153.0
-45.0 59.5 162.0
-45.0 61.75 152.0
-45.0 64.0 177.0
-45.0 66.25 117.0
-45.0 68.5 115.0
-45.0 70.75 110.0
-45.0 73.0 109.0
-45.0 75.25 111.0
-45.0 77.5 127.0
-45.0 79.75 116.0
-45.0 82.0 130.0
-45.0 84.25 130.0
-45.0 86.5 133.0
-45.0 88.75 128.0
-45.0 91.0 120.0
-45.0 93.25 148.0
-45.0 95.5 139.0
-45.0 97.75 129.0
-45.0 100.0 71.0
-42.5 10.0 577.0
-42.5 12.25 458.0
-42.5 14.5 397.0
-42.5 16.75 350.0
-42.5 19.0 294.0
-42.5 21.25 304.0
-42.5 23.5 268.0
-42.5 25.75 238.0
-42.5 28.0 256.0
-42.5 30.25 227.0
-42.5 32.5 237.0
-42.5 34.75 212.0
-42.5 37.0 192.0
-42.5 39.25 213.0
-42.5 41.5 176.0
-42.5 43.75 177.0
-42.5 46.0 179.0
-42.5 48.25 168.0
-42.5 50.5 138.0
-42.5 52.75 136.0
-42.5 55.0 146.0
-42.5 57.25 141.0
-42.5 59.5 146.0
-42.5 61.75 143.0
-42.5 64.0 149.0
-42.5 66.25 108.0
-42.5 68.5 109.0
-42.5 70.75 103.0
-42.5 73.0 113.0
-42.5 75.25 111.0
-42.5 77.5 112.0
-42.5 79.75 132.0
-42.5 82.0 125.0
-42.5 84.25 129.0
-42.5 86.5 129.0
-42.5 88.75 127.0
-42.5 91.0 133.0
-42.5 93.25 128.0
-42.5 95.5 130.0
-42.5 97.75 134.0
-42.5 100.0 60.0
-40.0 10.0 539.0
-40.0 12.25 471.0
-40.0 14.5 363.0
-40.0 16.75 357.0
-40.0 19.0 316.0
-40.0 21.25 301.0
-40.0 23.5 272.0
-40.0 25.75 227.0
-40.0 28.0 262.0
-40.0 30.25 229.0
-40.0 32.5 233.0
-40.0 34.75 185.0
-40.0 37.0 205.0
-40.0 39.25 208.0
-40.0 41.5 163.0
-40.0 43.75 177.0
-40.0 46.0 187.0
-40.0 48.25 174.0
-40.0 50.5 131.0
-40.0 52.75 138.0
-40.0 55.0 138.0
-40.0 57.25 134.0
-40.0 59.5 147.0
-40.0 61.75 152.0
-40.0 64.0 160.0
-40.0 66.25 115.0
-40.0 68.5 97.0
-40.0 70.75 112.0
-40.0 73.0 105.0
-40.0 75.25 123.0
-40.0 77.5 110.0
-40.0 79.75 119.0
-40.0 82.0 129.0
-40.0 84.25 126.0
-40.0 86.5 131.0
-40.0 88.75 126.0
-40.0 91.0 135.0
-40.0 93.25 143.0
-40.0 95.5 126.0
-40.0 97.75 133.0
-40.0 100.0 65.0
-37.5 10.0 489.0
-37.5 12.25 401.0
-37.5 14.5 354.0
-37.5 16.75 325.0
-37.5 19.0 283.0
-37.5 21.25 279.0
-37.5 23.5 243.0
-37.5 25.75 222.0
-37.5 28.0 212.0
-37.5 30.25 216.0
-37.5 32.5 213.0
-37.5 34.75 201.0
-37.5 37.0 196.0
-37.5 39.25 207.0
-37.5 41.5 173.0
-37.5 43.75 169.0
-37.5 46.0 167.0
-37.5 48.25 157.0
-37.5 50.5 121.0
-37.5 52.75 137.0
-37.5 55.0 136.0
-37.5 57.25 138.0
-37.5 59.5 150.0
-37.5 61.75 137.0
-37.5 64.0 150.0
-37.5 66.25 96.0
-37.5 68.5 90.0
-37.5 70.75 106.0
-37.5 73.0 95.0
-37.5 75.25 117.0
-37.5 77.5 116.0
-37.5 79.75 114.0
-37.5 82.0 126.0
-37.5 84.25 105.0
-37.5 86.5 119.0
-37.5 88.75 112.0
-37.5 91.0 126.0
-37.5 93.25 127.0
-37.5 95.5 135.0
-37.5 97.75 134.0
-37.5 100.0 70.0
-35.0 10.0 498.0
-35.0 12.25 417.0
-35.0 14.5 352.0
-35.0 16.75 303.0
-35.0 19.0 285.0
-35.0 21.25 286.0
-35.0 23.5 260.0
-35.0 25.75 250.0
-35.0 28.0 239.0
-35.0 30.25 212.0
-35.0 32.5 219.0
-35.0 34.75 208.0
-35.0 37.0 204.0
-35.0 39.25 214.0
-35.0 41.5 176.0
-35.0 43.75 159.0
-35.0 46.0 181.0
-35.0 48.25 166.0
-35.0 50.5 136.0
-35.0 52.75 136.0
-35.0 55.0 140.0
-35.0 57.25 137.0
-35.0 59.5 147.0
-35.0 61.75 153.0
-35.0 64.0 157.0
-35.0 66.25 99.0
-35.0 68.5 100.0
-35.0 70.75 109.0
-35.0 73.0 107.0
-35.0 75.25 118.0
-35.0 77.5 117.0
-35.0 79.75 116.0
-35.0 82.0 113.0
-35.0 84.25 127.0
-35.0 86.5 115.0
-35.0 88.75 124.0
-35.0 91.0 109.0
-35.0 93.25 141.0
-35.0 95.5 116.0
-35.0 97.75 126.0
-35.0 100.0 68.0
-32.5 10.0 434.0
-32.5 12.25 374.0
-32.5 14.5 330.0
-32.5 16.75 278.0
-32.5 19.0 257.0
-32.5 21.25 273.0
-32.5 23.5 231.0
-32.5 25.75 213.0
-32.5 28.0 222.0
-32.5 30.25 202.0
-32.5 32.5 204.0
-32.5 34.75 190.0
-32.5 37.0 189.0
-32.5 39.25 184.0
-32.5 41.5 154.0
-32.5 43.75 146.0
-32.5 46.0 161.0
-32.5 48.25 145.0
-32.5 50.5 117.0
-32.5 52.75 123.0
-32.5 55.0 131.0
-32.5 57.25 132.0
-32.5 59.5 138.0
-32.5 61.75 138.0
-32.5 64.0 140.0
-32.5 66.25 107.0
-32.5 68.5 103.0
-32.5 70.75 113.0
-32.5 73.0 88.0
-32.5 75.25 114.0
-32.5 77.5 98.0
-32.5 79.75 120.0
-32.5 82.0 107.0
-32.5 84.25 119.0
-32.5 86.5 115.0
-32.5 88.75 107.0
-32.5 91.0 115.0
-32.5 93.25 104.0
-32.5 95.5 101.0
-32.5 97.75 114.0
-32.5 100.0 65.0
-30.0 10.0 484.0
-30.0 12.25 352.0
-30.0 14.5 339.0
-30.0 16.75 279.0
-30.0 19.0 265.0
-30.0 21.25 268.0
-30.0 23.5 229.0
-30.0 25.75 219.0
-30.0 28.0 224.0
-30.0 30.25 197.0
-30.0 32.5 195.0
-30.0 34.75 187.0
-30.0 37.0 162.0
-30.0 39.25 185.0
-30.0 41.5 137.0
-30.0 43.75 153.0
-30.0 46.0 161.0
-30.0 48.25 159.0
-30.0 50.5 123.0
-30.0 52.75 128.0
-30.0 55.0 125.0
-30.0 57.25 125.0
-30.0 59.5 130.0
-30.0 61.75 132.0
-30.0 64.0 154.0
-30.0 66.25 89.0
-30.0 68.5 110.0
-30.0 70.75 102.0
-30.0 73.0 99.0
-30.0 75.25 113.0
-30.0 77.5 105.0
-30.0 79.75 110.0
-30.0 82.0 116.0
-30.0 84.25 117.0
-30.0 86.5 116.0
-30.0 88.75 119.0
-30.0 91.0 120.0
-30.0 93.25 116.0
-30.0 95.5 116.0
-30.0 97.75 128.0
-30.0 100.0 63.0
-27.5 10.0 430.0
-27.5 12.25 357.0
-27.5 14.5 284.0
-27.5 16.75 271.0
-27.5 19.0 244.0
-27.5 21.25 242.0
-27.5 23.5 224.0
-27.5 25.75 204.0
-27.5 28.0 202.0
-27.5 30.25 182.0
-27.5 32.5 169.0
-27.5 34.75 162.0
-27.5 37.0 178.0
-27.5 39.25 178.0
-27.5 41.5 155.0
-27.5 43.75 121.0
-27.5 46.0 150.0
-27.5 48.25 148.0
-27.5 50.5 120.0
-27.5 52.75 128.0
-27.5 55.0 123.0
-27.5 57.25 123.0
-27.5 59.5 132.0
-27.5 61.75 131.0
-27.5 64.0 129.0
-27.5 66.25 88.0
-27.5 68.5 90.0
-27.5 70.75 92.0
-27.5 73.0 93.0
-27.5 75.25 86.0
-27.5 77.5 101.0
-27.5 79.75 102.0
-27.5 82.0 106.0
-27.5 84.25 109.0
-27.5 86.5 114.0
-27.5 88.75 101.0
-27.5 91.0 112.0
-27.5 93.25 114.0
-27.5 95.5 105.0
-27.5 97.75 116.0
-27.5 100.0 55.0
-25.0 10.0 412.0
-25.0 12.25 337.0
-25.0 14.5 278.0
-25.0 16.75 264.0
-25.0 19.0 259.0
-25.0 21.25 244.0
-25.0 23.5 210.0
-25.0 25.75 198.0
-25.0 28.0 212.0
-25.0 30.25 174.0
-25.0 32.5 191.0
-25.0 34.75 175.0
-25.0 37.0 171.0
-25.0 39.25 184.0
-25.0 41.5 152.0
-25.0 43.75 149.0
-25.0 46.0 167.0
-25.0 48.25 137.0
-25.0 50.5 108.0
-25.0 52.75 106.0
-25.0 55.0 118.0
-25.0 57.25 120.0
-25.0 59.5 124.0
-25.0 61.75 128.0
-25.0 64.0 138.0
-25.0 66.25 95.0
-25.0 68.5 92.0
-25.0 70.75 101.0
-25.0 73.0 100.0
-25.0 75.25 106.0
-25.0 77.5 91.0
-25.0 79.75 105.0
-25.0 82.0 106.0
-25.0 84.25 111.0
-25.0 86.5 120.0
-25.0 88.75 106.0
-25.0 91.0 118.0
-25.0 93.25 121.0
-25.0 95.5 118.0
-25.0 97.75 119.0
-25.0 100.0 61.0
-22.5 10.0 361.0
-22.5 12.25 308.0
-22.5 14.5 233.0
-22.5 16.75 244.0
-22.5 19.0 216.0
-22.5 21.25 234.0
-22.5 23.5 194.0
-22.5 25.75 178.0
-22.5 28.0 173.0
-22.5 30.25 162.0
-22.5 32.5 177.0
-22.5 34.75 150.0
-22.5 37.0 142.0
-22.5 39.25 158.0
-22.5 41.5 129.0
-22.5 43.75 140.0
-22.5 46.0 150.0
-22.5 48.25 128.0
-22.5 50.5 107.0
-22.5 52.75 100.0
-22.5 55.0 105.0
-22.5 57.25 118.0
-22.5 59.5 111.0
-22.5 61.75 126.0
-22.5 64.0 131.0
-22.5 66.25 86.0
-22.5 68.5 89.0
-22.5 70.75 93.0
-22.5 73.0 86.0
-22.5 75.25 98.0
-22.5 77.5 106.0
-22.5 79.75 99.0
-22.5 82.0 86.0
-22.5 84.25 107.0
-22.5 86.5 106.0
-22.5 88.75 106.0
-22.5 91.0 106.0
-22.5 93.25 116.0
-22.5 95.5 109.0
-22.5 97.75 110.0
-22.5 100.0 63.0
-20.0 10.0 360.0
-20.0 12.25 293.0
-20.0 14.5 266.0
-20.0 16.75 230.0
-20.0 19.0 206.0
-20.0 21.25 219.0
-20.0 23.5 207.0
-20.0 25.75 177.0
-20.0 28.0 196.0
-20.0 30.25 180.0
-20.0 32.5 186.0
-20.0 34.75 137.0
-20.0 37.0 158.0
-20.0 39.25 175.0
-20.0 41.5 135.0
-20.0 43.75 126.0
-20.0 46.0 138.0
-20.0 48.25 141.0
-20.0 50.5 103.0
-20.0 52.75 110.0
-20.0 55.0 113.0
-20.0 57.25 119.0
-20.0 59.5 123.0
-20.0 61.75 118.0
-20.0 64.0 123.0
-20.0 66.25 88.0
-20.0 68.5 92.0
-20.0 70.75 91.0
-20.0 73.0 92.0
-20.0 75.25 94.0
-20.0 77.5 96.0
-20.0 79.75 97.0
-20.0 82.0 97.0
-20.0 84.25 100.0
-20.0 86.5 99.0
-20.0 88.75 110.0
-20.0 91.0 105.0
-20.0 93.25 108.0
-20.0 95.5 116.0
-20.0 97.75 109.0
-20.0 100.0 53.0
-17.5 10.0 323.0
-17.5 12.25 285.0
-17.5 14.5 213.0
-17.5 16.75 204.0
-17.5 19.0 198.0
-17.5 21.25 192.0
-17.5 23.5 164.0
-17.5 25.75 153.0
-17.5 28.0 174.0
-17.5 30.25 163.0
-17.5 32.5 163.0
-17.5 34.75 141.0
-17.5 37.0 153.0
-17.5 39.25 152.0
-17.5 41.5 121.0
-17.5 43.75 125.0
-17.5 46.0 137.0
-17.5 48.25 114.0
-17.5 50.5 114.0
-17.5 52.75 107.0
-17.5 55.0 103.0
-17.5 57.25 110.0
-17.5 59.5 119.0
-17.5 61.75 109.0
-17.5 64.0 118.0
-17.5 66.25 85.0
-17.5 68.5 74.0
-17.5 70.75 93.0
-17.5 73.0 81.0
-17.5 75.25 86.0
-17.5 77.5 93.0
-17.5 79.75 95.0
-17.5 82.0 100.0
-17.5 84.25 105.0
-17.5 86.5 102.0
-17.5 88.75 114.0
-17.5 91.0 105.0
-17.5 93.25 118.0
-17.5 95.5 102.0
-17.5 97.75 104.0
-17.5 100.0 63.0
-15.0 10.0 324.0
-15.0 12.25 272.0
-15.0 14.5 220.0
-15.0 16.75 194.0
-15.0 19.0 198.0
-15.0 21.25 198.0
-15.0 23.5 178.0
-15.0 25.75 167.0
-15.0 28.0 168.0
-15.0 30.25 154.0
-15.0 32.5 144.0
-15.0 34.75 153.0
-15.0 37.0 153.0
-15.0 39.25 151.0
-15.0 41.5 117.0
-15.0 43.75 120.0
-15.0 46.0 139.0
-15.0 48.25 130.0
-15.0 50.5 105.0
-15.0 52.75 101.0
-15.0 55.0 112.0
-15.0 57.25 112.0
-15.0 59.5 124.0
-15.0 61.75 106.0
-15.0 64.0 126.0
-15.0 66.25 87.0
-15.0 68.5 76.0
-15.0 70.75 84.0
-15.0 73.0 80.0
-15.0 75.25 104.0
-15.0 77.5 85.0
-15.0 79.75 93.0
-15.0 82.0 104.0
-15.0 84.25 88.0
-15.0 86.5 93.0
-15.0 88.75 99.0
-15.0 91.0 100.0
-15.0 93.25 117.0
-15.0 95.5 105.0
-15.0 97.75 106.0
-15.0 100.0 52.0
-12.5 10.0 278.0
-12.5 12.25 226.0
-12.5 14.5 193.0
-12.5 16.75 174.0
-12.5 19.0 172.0
-12.5 21.25 170.0
-12.5 23.5 157.0
-12.5 25.75 152.0
-12.5 28.0 154.0
-12.5 30.25 134.0
-12.5 32.5 149.0
-12.5 34.75 149.0
-12.5 37.0 142.0
-12.5 39.25 135.0
-12.5 41.5 120.0
-12.5 43.75 117.0
-12.5 46.0 117.0
-12.5 48.25 118.0
-12.5 50.5 93.0
-12.5 52.75 102.0
-12.5 55.0 95.0
-12.5 57.25 93.0
-12.5 59.5 115.0
-12.5 61.75 118.0
-12.5 64.0 117.0
-12.5 66.25 68.0
-12.5 68.5 76.0
-12.5 70.75 80.0
-12.5 73.0 82.0
-12.5 75.25 89.0
-12.5 77.5 83.0
-12.5 79.75 96.0
-12.5 82.0 102.0
-12.5 84.25 93.0
-12.5 86.5 99.0
-12.5 88.75 98.0
-12.5 91.0 94.0
-12.5 93.25 103.0
-12.5 95.5 95.0
-12.5 97.75 112.0
-12.5 100.0 54.0
-10.0 10.0 270.0
-10.0 12.25 231.0
-10.0 14.5 179.0
-10.0 16.75 173.0
-10.0 19.0 159.0
-10.0 21.25 173.0
-10.0 23.5 139.0
-10.0 25.75 149.0
-10.0 28.0 149.0
-10.0 30.25 148.0
-10.0 32.5 148.0
-10.0 34.75 135.0
-10.0 37.0 139.0
-10.0 39.25 145.0
-10.0 41.5 117.0
-10.0 43.75 112.0
-10.0 46.0 132.0
-10.0 48.25 115.0
-10.0 50.5 89.0
-10.0 52.75 100.0
-10.0 55.0 99.0
-10.0 57.25 97.0
-10.0 59.5 107.0
-10.0 61.75 112.0
-10.0 64.0 115.0
-10.0 66.25 81.0
-10.0 68.5 70.0
-10.0 70.75 81.0
-10.0 73.0 78.0
-10.0 75.25 81.0
-10.0 77.5 93.0
-10.0 79.75 94.0
-10.0 82.0 97.0
-10.0 84.25 83.0
-10.0 86.5 102.0
-10.0 88.75 98.0
-10.0 91.0 94.0
-10.0 93.25 101.0
-10.0 95.5 105.0
-10.0 97.75 89.0
-10.0 100.0 51.0
-7.5 10.0 226.0
-7.5 12.25 205.0
-7.5 14.5 161.0
-7.5 16.75 164.0
-7.5 19.0 144.0
-7.5 21.25 153.0
-7.5 23.5 145.0
-7.5 25.75 131.0
-7.5 28.0 137.0
-7.5 30.25 133.0
-7.5 32.5 117.0
-7.5 34.75 103.0
-7.5 37.0 126.0
-7.5 39.25 135.0
-7.5 41.5 110.0
-7.5 43.75 99.0
-7.5 46.0 117.0
-7.5 48.25 109.0
-7.5 50.5 86.0
-7.5 52.75 84.0
-7.5 55.0 90.0
-7.5 57.25 108.0
-7.5 59.5 101.0
-7.5 61.75 93.0
-7.5 64.0 97.0
-7.5 66.25 82.0
-7.5 68.5 65.0
-7.5 70.75 74.0
-7.5 73.0 74.0
-7.5 75.25 84.0
-7.5 77.5 81.0
-7.5 79.75 83.0
-7.5 82.0 85.0
-7.5 84.25 95.0
-7.5 86.5 89.0
-7.5 88.75 95.0
-7.5 91.0 93.0
-7.5 93.25 98.0
-7.5 95.5 100.0
-7.5 97.75 88.0
-7.5 100.0 50.0
-5.0 10.0 212.0
-5.0 12.25 190.0
-5.0 14.5 151.0
-5.0 16.75 161.0
-5.0 19.0 155.0
-5.0 21.25 143.0
-5.0 23.5 126.0
-5.0 25.75 137.0
-5.0 28.0 130.0
-5.0 30.25 132.0
-5.0 32.5 139.0
-5.0 34.75 129.0
-5.0 37.0 118.0
-5.0 39.25 142.0
-5.0 41.5 101.0
-5.0 43.75 105.0
-5.0 46.0 108.0
-5.0 48.25 112.0
-5.0 50.5 90.0
-5.0 52.75 79.0
-5.0 55.0 89.0
-5.0 57.25 93.0
-5.0 59.5 94.0
-5.0 61.75 103.0
-5.0 64.0 105.0
-5.0 66.25 65.0
-5.0 68.5 63.0
-5.0 70.75 76.0
-5.0 73.0 75.0
-5.0 75.25 76.0
-5.0 77.5 78.0
-5.0 79.75 80.0
-5.0 82.0 92.0
-5.0 84.25 96.0
-5.0 86.5 90.0
-5.0 88.75 109.0
-5.0 91.0 90.0
-5.0 93.25 93.0
-5.0 95.5 98.0
-5.0 97.75 93.0
-5.0 100.0 53.0
-2.5 10.0 188.0
-2.5 12.25 153.0
-2.5 14.5 117.0
-2.5 16.75 131.0
-2.5 19.0 124.0
-2.5 21.25 112.0
-2.5 23.5 108.0
-2.5 25.75 118.0
-2.5 28.0 122.0
-2.5 30.25 122.0
-2.5 32.5 102.0
-2.5 34.75 104.0
-2.5 37.0 107.0
-2.5 39.25 122.0
-2.5 41.5 94.0
-2.5 43.75 97.0
-2.5 46.0 108.0
-2.5 48.25 107.0
-2.5 50.5 89.0
-2.5 52.75 84.0
-2.5 55.0 83.0
-2.5 57.25 86.0
-2.5 59.5 90.0
-2.5 61.75 92.0
-2.5 64.0 107.0
-2.5 66.25 71.0
-2.5 68.5 60.0
-2.5 70.75 68.0
-2.5 73.0 69.0
-2.5 75.25 72.0
-2.5 77.5 81.0
-2.5 79.75 85.0
-2.5 82.0 85.0
-2.5 84.25 76.0
-2.5 86.5 83.0
-2.5 88.75 89.0
-2.5 91.0 93.0
-2.5 93.25 88.0
-2.5 95.5 87.0
-2.5 97.75 90.0
-2.5 100.0 50.0
0.0 10.0 179.0
0.0 12.25 151.0
0.0 14.5 126.0
0.0 16.75 135.0
0.0 19.0 124.0
0.0 21.25 129.0
0.0 23.5 117.0
0.0 25.75 123.0
0.0 28.0 115.0
0.0 30.25 119.0
0.0 32.5 104.0
0.0 34.75 118.0
0.0 37.0 113.0
0.0 39.25 122.0
0.0 41.5 101.0
0.0 43.75 90.0
0.0 46.0 99.0
0.0 48.25 110.0
0.0 50.5 76.0
0.0 52.75 82.0
0.0 55.0 86.0
0.0 57.25 86.0
0.0 59.5 103.0
0.0 61.75 91.0
0.0 64.0 101.0
0.0 66.25 71.0
0.0 68.5 66.0
0.0 70.75 77.0
0.0 73.0 67.0
0.0 75.25 74.0
0.0 77.5 75.0
0.0 79.75 78.0
0.0 82.0 73.0
0.0 84.25 91.0
0.0 86.5 86.0
0.0 88.75 91.0
0.0 91.0 92.0
0.0 93.25 94.0
0.0 95.5 94.0
0.0 97.75 101.0
0.0 100.0 53.0
2.5 10.0 197.0
2.5 12.25 171.0
2.5 14.5 131.0
2.5 16.75 132.0
2.5 19.0 114.0
2.5 21.25 129.0
2.5 23.5 120.0
2.5 25.75 109.0
2.5 28.0 125.0
2.5 30.25 118.0
2.5 32.5 117.0
2.5 34.75 104.0
2.5 37.0 110.0
2.5 39.25 123.0
2.5 41.5 92.0
2.5 43.75 97.0
2.5 46.0 108.0
2.5 48.25 100.0
2.5 50.5 87.0
2.5 52.75 79.0
2.5 55.0 86.0
2.5 57.25 82.0
2.5 59.5 95.0
2.5 61.75 87.0
2.5 64.0 114.0
2.5 66.25 72.0
2.5 68.5 67.0
2.5 70.75 73.0
2.5 73.0 77.0
2.5 75.25 83.0
2.5 77.5 83.0
2.5 79.75 82.0
2.5 82.0 85.0
2.5 84.25 83.0
2.5 86.5 77.0
2.5 88.75 91.0
2.5 91.0 90.0
2.5 93.25 94.0
2.5 95.5 102.0
2.5 97.75 86.0
2.5 100.0 50.0
5.0 10.0 142.0
5.0 12.25 156.0
5.0 14.5 127.0
5.0 16.75 143.0
5.0 19.0 115.0
5.0 21.25 122.0
5.0 23.5 124.0
5.0 25.75 95.0
5.0 28.0 119.0
5.0 30.25 102.0
5.0 32.5 103.0
5.0 34.75 97.0
5.0 37.0 108.0
5.0 39.25 93.0
5.0 41.5 99.0
5.0 43.75 90.0
5.0 46.0 104.0
5.0 48.25 96.0
5.0 50.5 76.0
5.0 52.75 73.0
5.0 55.0 78.0
5.0 57.25 80.0
5.0 59.5 88.0
5.0 61.75 92.0
5.0 64.0 99.0
5.0 66.25 55.0
5.0 68.5 66.0
5.0 70.75 71.0
5.0 73.0 76.0
5.0 75.25 72.0
5.0 77.5 78.0
5.0 79.75 72.0
5.0 82.0 79.0
5.0 84.25 86.0
5.0 86.5 82.0
5.0 88.75 79.0
5.0 91.0 81.0
5.0 93.25 87.0
5.0 95.5 89.0
5.0 97.75 87.0
5.0 100.0 44.0
7.5 10.0 148.0
7.5 12.25 112.0
7.5 14.5 99.0
7.5 16.75 99.0
7.5 19.0 92.0
7.5 21.25 106.0
7.5 23.5 97.0
7.5 25.75 101.0
7.5 28.0 95.0
7.5 30.25 104.0
7.5 32.5 97.0
7.5 34.75 100.0
7.5 37.0 100.0
7.5 39.25 111.0
7.5 41.5 80.0
7.5 43.75 86.0
7.5 46.0 93.0
7.5 48.25 86.0
7.5 50.5 78.0
7.5 52.75 61.0
7.5 55.0 76.0
7.5 57.25 75.0
7.5 59.5 99.0
7.5 61.75 84.0
7.5 64.0 87.0
7.5 66.25 61.0
7.5 68.5 51.0
7.5 70.75 66.0
7.5 73.0 60.0
7.5 75.25 71.0
7.5 77.5 72.0
7.5 79.75 77.0
7.5 82.0 72.0
7.5 84.25 90.0
7.5 86.5 86.0
7.5 88.75 85.0
7.5 91.0 90.0
7.5 93.25 88.0
7.5 95.5 97.0
7.5 97.75 89.0
7.5 100.0 43.0
10.0 10.0 97.0
10.0 12.25 109.0
10.0 14.5 94.0
10.0 16.75 103.0
10.0 19.0 94.0
10.0 21.25 104.0
10.0 23.5 99.0
10.0 25.75 82.0
10.0 28.0 98.0
10.0 30.25 88.0
10.0 32.5 98.0
10.0 34.75 75.0
10.0 37.0 105.0
10.0 39.25 98.0
10.0 41.5 87.0
10.0 43.75 83.0
10.0 46.0 84.0
10.0 48.25 83.0
10.0 50.5 67.0
10.0 52.75 69.0
10.0 55.0 74.0
10.0 57.25 78.0
10.0 59.5 82.0
10.0 61.75 77.0
10.0 64.0 92.0
10.0 66.25 54.0
10.0 68.5 57.0
10.0 70.75 64.0
10.0 73.0 66.0
10.0 75.25 81.0
10.0 77.5 73.0
10.0 79.75 69.0
10.0 82.0 73.0
10.0 84.25 69.0
10.0 86.5 70.0
10.0 88.75 82.0
10.0 91.0 91.0
10.0 93.25 92.0
10.0 95.5 81.0
10.0 97.75 84.0
10.0 100.0 43.0
12.5 10.0 137.0
12.5 12.25 100.0
12.5 14.5 102.0
12.5 16.75 77.0
12.5 19.0 69.0
12.5 21.25 93.0
12.5 23.5 86.0
12.5 25.75 76.0
12.5 28.0 93.0
12.5 30.25 93.0
12.5 32.5 89.0
12.5 34.75 88.0
12.5 37.0 77.0
12.5 39.25 102.0
12.5 41.5 79.0
12.5 43.75 85.0
12.5 46.0 92.0
12.5 48.25 82.0
12.5 50.5 55.0
12.5 52.75 68.0
12.5 55.0 79.0
12.5 57.25 78.0
12.5 59.5 79.0
12.5 61.75 76.0
12.5 64.0 88.0
12.5 66.25 53.0
12.5 68.5 52.0
12.5 70.75 65.0
12.5 73.0 63.0
12.5 75.25 66.0
12.5 77.5 72.0
12.5 79.75 83.0
12.5 82.0 79.0
12.5 84.25 71.0
12.5 86.5 80.0
12.5 88.75 75.0
12.5 91.0 79.0
12.5 93.25 84.0
12.5 95.5 79.0
12.5 97.75 78.0
12.5 100.0 43.0
15.0 10.0 132.0
15.0 12.25 120.0
15.0 14.5 106.0
15.0 16.75 79.0
15.0 19.0 73.0
15.0 21.25 83.0
15.0 23.5 71.0
15.0 25.75 68.0
15.0 28.0 77.0
15.0 30.25 73.0
15.0 32.5 86.0
15.0 34.75 75.0
15.0 37.0 84.0
15.0 39.25 98.0
15.0 41.5 76.0
15.0 43.75 70.0
15.0 46.0 72.0
15.0 48.25 70.0
15.0 50.5 52.0
15.0 52.75 67.0
15.0 55.0 70.0
15.0 57.25 64.0
15.0 59.5 64.0
15.0 61.75 73.0
15.0 64.0 84.0
15.0 66.25 37.0
15.0 68.5 51.0
15.0 70.75 58.0
15.0 73.0 66.0
15.0 75.25 68.0
15.0 77.5 66.0
15.0 79.75 66.0
15.0 82.0 69.0
15.0 84.25 69.0
15.0 86.5 75.0
15.0 88.75 81.0
15.0 91.0 72.0
15.0 93.25 83.0
15.0 95.5 79.0
15.0 97.75 72.0
15.0 100.0 39.0
17.5 10.0 186.0
17.5 12.25 119.0
17.5 14.5 99.0
17.5 16.75 76.0
17.5 19.0 60.0
17.5 21.25 61.0
17.5 23.5 59.0
17.5 25.75 70.0
17.5 28.0 64.0
17.5 30.25 75.0
17.5 32.5 65.0
17.5 34.75 82.0
17.5 37.0 69.0
17.5 39.25 84.0
17.5 41.5 71.0
17.5 43.75 69.0
17.5 46.0 80.0
17.5 48.25 76.0
17.5 50.5 60.0
17.5 52.75 50.0
17.5 55.0 57.0
17.5 57.25 64.0
17.5 59.5 72.0
17.5 61.75 64.0
17.5 64.0 74.0
17.5 66.25 55.0
17.5 68.5 47.0
17.5 70.75 54.0
17.5 73.0 63.0
17.5 75.25 66.0
17.5 77.5 61.0
17.5 79.75 69.0
17.5 82.0 64.0
17.5 84.25 73.0
17.5 86.5 74.0
17.5 88.75 76.0
17.5 91.0 66.0
17.5 93.25 73.0
17.5 95.5 78.0
17.5 97.75 79.0
17.5 100.0 39.0
20.0 10.0 178.0
20.0 12.25 164.0
20.0 14.5 127.0
20.0 16.75 78.0
20.0 19.0 68.0
20.0 21.25 70.0
20.0 23.5 57.0
20.0 25.75 57.0
20.0 28.0 70.0
20.0 30.25 64.0
20.0 32.5 65.0
20.0 34.75 64.0
20.0 37.0 66.0
20.0 39.25 76.0
20.0 41.5 69.0
20.0 43.75 66.0
20.0 46.0 60.0
20.0 48.25 71.0
20.0 50.5 50.0
20.0 52.75 60.0
20.0 55.0 59.0
20.0 57.25 73.0
20.0 59.5 58.0
20.0 61.75 60.0
20.0 64.0 67.0
20.0 66.25 47.0
20.0 68.5 60.0
20.0 70.75 60.0
20.0 73.0 59.0
20.0 75.25 53.0
20.0 77.5 57.0
20.0 79.75 72.0
20.0 82.0 69.0
20.0 84.25 67.0
20.0 86.5 68.0
20.0 88.75 78.0
20.0 91.0 64.0
20.0 93.25 81.0
20.0 95.5 66.0
20.0 97.75 67.0
20.0 100.0 41.0
22.5 10.0 236.0
22.5 12.25 151.0
22.5 14.5 123.0
22.5 16.75 74.0
22.5 19.0 69.0
22.5 21.25 79.0
22.5 23.5 55.0
22.5 25.75 54.0
22.5 28.0 47.0
22.5 30.25 63.0
22.5 32.5 57.0
22.5 34.75 63.0
22.5 37.0 56.0
22.5 39.25 70.0
22.5 41.5 51.0
22.5 43.75 58.0
22.5 46.0 66.0
22.5 48.25 48.0
22.5 50.5 44.0
22.5 52.75 52.0
22.5 55.0 55.0
22.5 57.25 68.0
22.5 59.5 67.0
22.5 61.75 65.0
22.5 64.0 74.0
22.5 66.25 48.0
22.5 68.5 43.0
22.5 70.75 48.0
22.5 73.0 46.0
22.5 75.25 57.0
22.5 77.5 65.0
22.5 79.75 69.0
22.5 82.0 70.0
22.5 84.25 66.0
22.5 86.5 68.0
22.5 88.75 63.0
22.5 91.0 72.0
22.5 93.25 66.0
22.5 95.5 71.0
22.5 97.75 73.0
22.5 100.0 40.0
25.0 10.0 223.0
25.0 12.25 192.0
25.0 14.5 145.0
25.0 16.75 102.0
25.0 19.0 91.0
25.0 21.25 67.0
25.0 23.5 61.0
25.0 25.75 45.0
25.0 28.0 51.0
25.0 30.25 35.0
25.0 32.5 60.0
25.0 34.75 48.0
25.0 37.0 59.0
25.0 39.25 61.0
25.0 41.5 60.0
25.0 43.75 54.0
25.0 46.0 62.0
25.0 48.25 54.0
25.0 50.5 50.0
25.0 52.75 54.0
25.0 55.0 52.0
25.0 57.25 64.0
25.0 59.5 58.0
25.0 61.75 53.0
25.0 64.0 58.0
25.0 66.25 45.0
25.0 68.5 49.0
25.0 70.75 49.0
25.0 73.0 57.0
25.0 75.25 53.0
25.0 77.5 58.0
25.0 79.75 57.0
25.0 82.0 53.0
25.0 84.25 61.0
25.0 86.5 51.0
25.0 88.75 74.0
25.0 91.0 65.0
25.0 93.25 76.0
25.0 95.5 67.0
25.0 97.75 62.0
25.0 100.0 40.0
27.5 10.0 296.0
27.5 12.25 181.0
27.5 14.5 154.0
27.5 16.75 114.0
27.5 19.0 103.0
27.5 21.25 78.0
27.5 23.5 63.0
27.5 25.75 48.0
27.5 28.0 46.0
27.5 30.25 39.0
27.5 32.5 36.0
27.5 34.75 52.0
27.5 37.0 53.0
27.5 39.25 59.0
27.5 41.5 50.0
27.5 43.75 46.0
27.5 46.0 53.0
27.5 48.25 47.0
27.5 50.5 49.0
27.5 52.75 35.0
27.5 55.0 48.0
27.5 57.25 55.0
27.5 59.5 57.0
27.5 61.75 53.0
27.5 64.0 67.0
27.5 66.25 45.0
27.5 68.5 49.0
27.5 70.75 45.0
27.5 73.0 51.0
27.5 75.25 51.0
27.5 77.5 49.0
27.5 79.75 65.0
27.5 82.0 68.0
27.5 84.25 66.0
27.5 86.5 62.0
27.5 88.75 72.0
27.5 91.0 77.0
27.5 93.25 73.0
27.5 95.5 62.0
27.5 97.75 70.0
27.5 100.0 40.0
30.0 10.0 266.0
30.0 12.25 234.0
30.0 14.5 188.0
30.0 16.75 136.0
30.0 19.0 110.0
30.0 21.25 90.0
30.0 23.5 79.0
30.0 25.75 52.0
30.0 28.0 56.0
30.0 30.25 29.0
30.0 32.5 47.0
30.0 34.75 35.0
30.0 37.0 45.0
30.0 39.25 51.0
30.0 41.5 49.0
30.0 43.75 55.0
30.0 46.0 44.0
30.0 48.25 46.0
30.0 50.5 32.0
30.0 52.75 42.0
30.0 55.0 48.0
30.0 57.25 52.0
30.0 59.5 53.0
30.0 61.75 57.0
30.0 64.0 57.0
30.0 66.25 43.0
30.0 68.5 41.0
30.0 70.75 42.0
30.0 73.0 49.0
30.0 75.25 41.0
30.0 77.5 52.0
30.0 79.75 57.0
30.0 82.0 54.0
30.0 84.25 62.0
30.0 86.5 61.0
30.0 88.75 66.0
30.0 91.0 66.0
30.0 93.25 68.0
30.0 95.5 62.0
30.0 97.75 65.0
30.0 100.0 31.0
32.5 10.0 322.0
32.5 12.25 228.0
32.5 14.5 192.0
32.5 16.75 127.0
32.5 19.0 125.0
32.5 21.25 89.0
32.5 23.5 74.0
32.5 25.75 63.0
32.5 28.0 53.0
32.5 30.25 46.0
32.5 32.5 25.0
32.5 34.75 31.0
32.5 37.0 39.0
32.5 39.25 45.0
32.5 41.5 34.0
32.5 43.75 44.0
32.5 46.0 47.0
32.5 48.25 50.0
32.5 50.5 42.0
32.5 52.75 41.0
32.5 55.0 51.0
32.5 57.25 45.0
32.5 59.5 59.0
32.5 61.75 60.0
32.5 64.0 55.0
32.5 66.25 37.0
32.5 68.5 44.0
32.5 70.75 41.0
32.5 73.0 48.0
32.5 75.25 45.0
32.5 77.5 48.0
32.5 79.75 44.0
32.5 82.0 48.0
32.5 84.25 50.0
32.5 86.5 56.0
32.5 88.75 48.0
32.5 91.0 65.0
32.5 93.25 70.0
32.5 95.5 63.0
32.5 97.75 66.0
32.5 100.0 29.0
35.0 10.0 326.0
35.0 12.25 266.0
35.0 14.5 209.0
35.0 16.75 145.0
35.0 19.0 144.0
35.0 21.25 109.0
35.0 23.5 103.0
35.0 25.75 72.0
35.0 28.0 64.0
35.0 30.25 39.0
35.0 32.5 48.0
35.0 34.75 40.0
35.0 37.0 39.0
35.0 39.25 37.0
35.0 41.5 31.0
35.0 43.75 30.0
35.0 46.0 37.0
35.0 48.25 48.0
35.0 50.5 33.0
35.0 52.75 45.0
35.0 55.0 43.0
35.0 57.25 50.0
35.0 59.5 52.0
35.0 61.75 56.0
35.0 64.0 50.0
35.0 66.25 35.0
35.0 68.5 41.0
35.0 70.75 43.0
35.0 73.0 50.0
35.0 75.25 48.0
35.0 77.5 42.0
35.0 79.75 45.0
35.0 82.0 43.0
35.0 84.25 52.0
35.0 86.5 61.0
35.0 88.75 58.0
35.0 91.0 54.0
35.0 93.25 55.0
35.0 95.5 61.0
35.0 97.75 54.0
35.0 100.0 30.0
37.5 10.0 355.0
37.5 12.25 272.0
37.5 14.5 210.0
37.5 16.75 155.0
37.5 19.0 149.0
37.5 21.25 120.0
37.5 23.5 104.0
37.5 25.75 84.0
37.5 28.0 66.0
37.5 30.25 48.0
37.5 32.5 44.0
37.5 34.75 34.0
37.5 37.0 32.0
37.5 39.25 36.0
37.5 41.5 27.0
37.5 43.75 30.0
37.5 46.0 41.0
37.5 48.25 38.0
37.5 50.5 29.0
37.5 52.75 40.0
37.5 55.0 48.0
37.5 57.25 36.0
37.5 59.5 49.0
37.5 61.75 43.0
37.5 64.0 49.0
37.5 66.25 37.0
37.5 68.5 33.0
37.5 70.75 37.0
37.5 73.0 43.0
37.5 75.25 53.0
37.5 77.5 42.0
37.5 79.75 53.0
37.5 82.0 41.0
37.5 84.25 55.0
37.5 86.5 48.0
37.5 88.75 52.0
37.5 91.0 55.0
37.5 93.25 58.0
37.5 95.5 48.0
37.5 97.75 59.0
37.5 100.0 29.0
40.0 10.0 361.0
40.0 12.25 304.0
40.0 14.5 253.0
40.0 16.75 190.0
40.0 19.0 181.0
40.0 21.25 139.0
40.0 23.5 106.0
40.0 25.75 80.0
40.0 28.0 82.0
40.0 30.25 54.0
40.0 32.5 59.0
40.0 34.75 36.0
40.0 37.0 41.0
40.0 39.25 40.0
40.0 41.5 24.0
40.0 43.75 30.0
40.0 46.0 23.0
40.0 48.25 35.0
40.0 50.5 29.0
40.0 52.75 39.0
40.0 55.0 34.0
40.0 57.25 43.0
40.0 59.5 42.0
40.0 61.75 45.0
40.0 64.0 41.0
40.0 66.25 28.0
40.0 68.5 34.0
40.0 70.75 36.0
40.0 73.0 31.0
40.0 75.25 42.0
40.0 77.5 44.0
40.0 79.75 42.0
40.0 82.0 43.0
40.0 84.25 47.0
40.0 86.5 45.0
40.0 88.75 55.0
40.0 91.0 48.0
40.0 93.25 47.0
40.0 95.5 57.0
40.0 97.75 47.0
40.0 100.0 34.0
42.5 10.0 436.0
42.5 12.25 328.0
42.5 14.5 243.0
42.5 16.75 188.0
42.5 19.0 164.0
42.5 21.25 126.0
42.5 23.5 108.0
42.5 25.75 90.0
42.5 28.0 86.0
42.5 30.25 74.0
42.5 32.5 52.0
42.5 34.75 48.0
42.5 37.0 34.0
42.5 39.25 34.0
42.5 41.5 19.0
42.5 43.75 31.0
42.5 46.0 28.0
42.5 48.25 27.0
42.5 50.5 29.0
42.5 52.75 32.0
42.5 55.0 32.0
42.5 57.25 31.0
42.5 59.5 44.0
42.5 61.75 52.0
42.5 64.0 47.0
42.5 66.25 28.0
42.5 68.5 32.0
42.5 70.75 37.0
42.5 73.0 32.0
42.5 75.25 33.0
42.5 77.5 38.0
42.5 79.75 46.0
42.5 82.0 44.0
42.5 84.25 47.0
42.5 86.5 46.0
42.5 88.75 61.0
42.5 91.0 49.0
42.5 93.25 55.0
42.5 95.5 53.0
42.5 97.75 53.0
42.5 100.0 27.0
45.0 10.0 413.0
45.0 12.25 345.0
45.0 14.5 283.0
45.0 16.75 209.0
45.0 19.0 194.0
45.0 21.25 154.0
45.0 23.5 131.0
45.0 25.75 100.0
45.0 28.0 96.0
45.0 30.25 68.0
45.0 32.5 82.0
45.0 34.75 55.0
45.0 37.0 41.0
45.0 39.25 34.0
45.0 41.5 28.0
45.0 43.75 25.0
45.0 46.0 19.0
45.0 48.25 33.0
45.0 50.5 21.0
45.0 52.75 30.0
45.0 55.0 30.0
45.0 57.25 43.0
45.0 59.5 34.0
45.0 61.75 30.0
45.0 64.0 34.0
45.0 66.25 22.0
45.0 68.5 31.0
45.0 70.75 31.0
45.0 73.0 33.0
45.0 75.25 35.0
45.0 77.5 39.0
45.0 79.75 37.0
45.0 82.0 43.0
45.0 84.25 50.0
45.0 86.5 47.0
45.0 88.75 48.0
45.0 91.0 53.0
45.0 93.25 51.0
45.0 95.5 52.0
45.0 97.75 50.0
45.0 100.0 20.0
47.5 10.0 413.0
47.5 12.25 297.0
47.5 14.5 248.0
47.5 16.75 194.0
47.5 19.0 182.0
47.5 21.25 123.0
47.5 23.5 117.0
47.5 25.75 107.0
47.5 28.0 79.0
47.5 30.25 63.0
47.5 32.5 72.0
47.5 34.75 54.0
47.5 37.0 51.0
47.5 39.25 54.0
47.5 41.5 33.0
47.5 43.75 31.0
47.5 46.0 25.0
47.5 48.25 20.0
47.5 50.5 28.0
47.5 52.75 20.0
47.5 55.0 25.0
47.5 57.25 35.0
47.5 59.5 38.0
47.5 61.75 44.0
47.5 64.0 41.0
47.5 66.25 29.0
47.5 68.5 28.0
47.5 70.75 33.0
47.5 73.0 32.0
47.5 75.25 37.0
47.5 77.5 44.0
47.5 79.75 38.0
47.5 82.0 37.0
47.5 84.25 49.0
47.5 86.5 49.0
47.5 88.75 44.0
47.5 91.0 53.0
47.5 93.25 52.0
47.5 95.5 56.0
47.5 97.75 46.0
47.5 100.0 32.0
50.0 10.0 415.0
50.0 12.25 338.0
50.0 14.5 279.0
50.0 16.75 210.0
50.0 19.0 184.0
50.0 21.25 152.0
50.0 23.5 125.0
50.0 25.75 114.0
50.0 28.0 99.0
50.0 30.25 70.0
50.0 32.5 85.0
50.0 34.75 58.0
50.0 37.0 65.0
50.0 39.25 47.0
50.0 41.5 38.0
50.0 43.75 43.0
50.0 46.0 30.0
50.0 48.25 32.0
50.0 50.5 21.0
50.0 52.75 19.0
50.0 55.0 22.0
50.0 57.25 27.0
50.0 59.5 27.0
50.0 61.75 30.0
50.0 64.0 46.0
50.0 66.25 29.0
50.0 68.5 32.0
50.0 70.75 30.0
50.0 73.0 32.0
50.0 75.25 32.0
50.0 77.5 39.0
50.0 79.75 44.0
50.0 82.0 41.0
50.0 84.25 47.0
50.0 86.5 35.0
50.0 88.75 48.0
50.0 91.0 45.0
50.0 93.25 47.0
50.0 95.5 49.0
50.0 97.75 50.0
50.0 100.0 23.0
