-50.0 10.0 583.0
-50.0 12.25 502.0
-50.0 14.5 412.0
-50.0 16.75 372.0
-50.0 19.0 326.0
-50.0 21.25 307.0
-50.0 23.5 298.0
-50.0 25.75 271.0
-50.0 28.0 260.0
-50.0 30.25 240.0
-50.0 32.5 241.0
-50.0 34.75 216.0
-50.0 37.0 229.0
-50.0 39.25 235.0
-50.0 41.5 182.0
-50.0 43.75 177.0
-50.0 46.0 187.0
-50.0 48.25 188.0
-50.0 50.5 140.0
-50.0 52.75 135.0
-50.0 55.0 147.0
-50.0 57.25 153.0
-50.0 59.5 170.0
-50.0 61.75 160.0
-50.0 64.0 169.0
-50.0 66.25 101.0
-50.0 68.5 116.0
-50.0 70.75 116.0
-50.0 73.0 123.0
-50.0 75.25 125.0
-50.0 77.5 110.0
-50.0 79.75 126.0
-50.0 82.0 122.0
-50.0 84.25 122.0
-50.0 86.5 129.0
-50.0 88.75 133.0
-50.0 91.0 129.0
-50.0 93.25 137.0
-50.0 95.5 148.0
-50.0 97.75 123.0
-50.0 100.0 67.0
-47.5 10.0 556.0
-47.5 12.25 464.0
-47.5 14.5 377.0
-47.5 16.75 337.0
-47.5 19.0 330.0
-47.5 21.25 326.0
-47.5 23.5 269.0
-47.5 25.75 235.0
-47.5 28.0 260.0
-47.5 30.25 226.0
-47.5 32.5 238.0
-47.5 34.75 206.0
-47.5 37.0 199.0
-47.5 39.25 196.0
-47.5 41.5 174.0
-47.5 43.75 173.0
-47.5 46.0 183.0
-47.5 48.25 186.0
-47.5 50.5 138.0
-47.5 52.75 141.0
-47.5 55.0 150.0
-47.5 57.25 146.0
-47.5 59.5 144.0
-47.5 61.75 148.0
-47.5 64.0 157.0
-47.5 66.25 98.0
-47.5 68.5 111.0
-47.5 70.75 103.0
-47.5 73.0 104.0
-47.5 75.25 109.0
-47.5 77.5 112.0
-47.5 79.75 118.0
-47.5 82.0 121.0
-47.5 84.25 121.0
-47.5 86.5 126.0
-47.5 88.75 122.0
-47.5 91.0 135.0
-47.5 93.25 130.0
-47.5 95.5 134.0
-47.5 97.75 135.0
-47.5 100.0 66.0
-45.0 10.0 604.0
-45.0 12.25 516.0
-45.0 14.5 396.0
-45.0 16.75 380.0
-45.0 19.0 324.0
-45.0 21.25 333.0
-45.0 23.5 293.0
-45.0 25.75 271.0
-45.0 28.0 255.0
-45.0 30.25 245.0
-45.0 32.5 232.0
-45.0 34.75 208.0
-45.0 37.0 215.0
-45.0 39.25 224.0
-45.0 41.5 168.0
-45.0 43.75 187.0
-45.0 46.0 204.0
-45.0 48.25 186.0
-45.0 50.5 138.0
-45.0 52.75 147.0
-45.0 55.0 137.0
-45.0 57.25 157.0
-45.0 59.5 148.0
-45.0 61.75 158.0
-45.0 64.0 164.0
-45.0 66.25 106.0
-45.0 68.5 96.0
-45.0 70.75 117.0
-45.0 73.0 123.0
-45.0 75.25 124.0
-45.0 77.5 117.0
-45.0 79.75 126.0
-45.0 82.0 129.0
-45.0 84.25 135.0
-45.0 86.5 136.0
-45.0 88.75 138.0
-45.0 91.0 134.0
-45.0 93.25 142.0
-45.0 95.5 129.0
-45.0 97.75 128.0
-45.0 100.0 63.0
-42.5 10.0 546.0
-42.5 12.25 452.0
-42.5 14.5 400.0
-42.5 16.75 357.0
-42.5 19.0 299.0
-42.5 21.25 301.0
-42.5 23.5 282.0
-42.5 25.75 257.0
-42.5 28.0 247.0
-42.5 30.25 225.0
-42.5 32.5 226.0
-42.5 34.75 196.0
-42.5 37.0 217.0
-42.5 39.25 217.0
-42.5 41.5 185.0
-42.5 43.75 187.0
-42.5 46.0 169.0
-42.5 48.25 169.0
-42.5 50.5 137.0
-42.5 52.75 137.0
-42.5 55.0 152.0
-42.5 57.25 140.0
-42.5 59.5 162.0
-42.5 61.75 160.0
-42.5 64.0 151.0
-42.5 66.25 101.0
-42.5 68.5 107.0
-42.5 70.75 118.0
-42.5 73.0 113.0
-42.5 75.25 96.0
-42.5 77.5 121.0
-42.5 79.75 120.0
-42.5 82.0 119.0
-42.5 84.25 124.0
-42.5 86.5 120.0
-42.5 88.75 125.0
-42.5 91.0 125.0
-42.5 93.25 129.0
-42.5 95.5 128.0
-42.5 97.75 136.0
-42.5 100.0 59.0
-40.0 10.0 555.0
-40.0 12.25 447.0
-40.0 14.5 384.0
-40.0 16.75 335.0
-40.0 19.0 305.0
-40.0 21.25 305.0
-40.0 23.5 268.0
-40.0 25.75 240.0
-40.0 28.0 228.0
-40.0 30.25 234.0
-40.0 32.5 223.0
-40.0 34.75 203.0
-40.0 37.0 206.0
-40.0 39.25 200.0
-40.0 41.5 174.0
-40.0 43.75 173.0
-40.0 46.0 172.0
-40.0 48.25 175.0
-40.0 50.5 133.0
-40.0 52.75 146.0
-40.0 55.0 144.0
-40.0 57.25 141.0
-40.0 59.5 145.0
-40.0 61.75 154.0
-40.0 64.0 163.0
-40.0 66.25 109.0
-40.0 68.5 113.0
-40.0 70.75 105.0
-40.0 73.0 122.0
-40.0 75.25 112.0
-40.0 77.5 129.0
-40.0 79.75 112.0
-40.0 82.0 122.0
-40.0 84.25 133.0
-40.0 86.5 111.0
-40.0 88.75 132.0
-40.0 91.0 124.0
-40.0 93.25 139.0
-40.0 95.5 133.0
-40.0 97.75 135.0
-40.0 100.0 70.0
-37.5 10.0 509.0
-37.5 12.25 412.0
-37.5 14.5 342.0
-37.5 16.75 311.0
-37.5 19.0 277.0
-37.5 21.25 286.0
-37.5 23.5 246.0
-37.5 25.75 249.0
-37.5 28.0 232.0
-37.5 30.25 213.0
-37.5 32.5 212.0
-37.5 34.75 193.0
-37.5 37.0 201.0
-37.5 39.25 190.0
-37.5 41.5 156.0
-37.5 43.75 170.0
-37.5 46.0 180.0
-37.5 48.25 161.0
-37.5 50.5 126.0
-37.5 52.75 111.0
-37.5 55.0 138.0
-37.5 57.25 141.0
-37.5 59.5 151.0
-37.5 61.75 157.0
-37.5 64.0 149.0
-37.5 66.25 103.0
-37.5 68.5 96.0
-37.5 70.75 116.0
-37.5 73.0 117.0
-37.5 75.25 115.0
-37.5 77.5 104.0
-37.5 79.75 109.0
-37.5 82.0 108.0
-37.5 84.25 131.0
-37.5 86.5 122.0
-37.5 88.75 122.0
-37.5 91.0 131.0
-37.5 93.25 111.0
-37.5 95.5 119.0
-37.5 97.75 128.0
-37.5 100.0 66.0
-35.0 10.0 486.0
-35.0 12.25 436.0
-35.0 14.5 337.0
-35.0 16.75 322.0
-35.0 19.0 284.0
-35.0 21.25 279.0
-35.0 23.5 237.0
-35.0 25.75 239.0
-35.0 28.0 228.0
-35.0 30.25 220.0
-35.0 32.5 233.0
-35.0 34.75 203.0
-35.0 37.0 191.0
-35.0 39.25 203.0
-35.0 41.5 164.0
-35.0 43.75 160.0
-35.0 46.0 167.0
-35.0 48.25 145.0
-35.0 50.5 126.0
-35.0 52.75 130.0
-35.0 55.0 132.0
-35.0 57.25 135.0
-35.0 59.5 137.0
-35.0 61.75 148.0
-35.0 64.0 159.0
-35.0 66.25 101.0
-35.0 68.5 98.0
-35.0 70.75 102.0
-35.0 73.0 109.0
-35.0 75.25 117.0
-35.0 77.5 116.0
-35.0 79.75 112.0
-35.0 82.0 111.0
-35.0 84.25 117.0
-35.0 86.5 114.0
-35.0 88.75 113.0
-35.0 91.0 132.0
-35.0 93.25 121.0
-35.0 95.5 137.0
-35.0 97.75 128.0
-35.0 100.0 62.0
-32.5 10.0 441.0
-32.5 12.25 381.0
-32.5 14.5 317.0
-32.5 16.75 288.0
-32.5 19.0 262.0
-32.5 21.25 276.0
-32.5 23.5 238.0
-32.5 25.75 201.0
-32.5 28.0 224.0
-32.5 30.25 205.0
-32.5 32.5 201.0
-32.5 34.75 178.0
-32.5 37.0 189.0
-32.5 39.25 199.0
-32.5 41.5 153.0
-32.5 43.75 153.0
-32.5 46.0 182.0
-32.5 48.25 154.0
-32.5 50.5 131.0
-32.5 52.75 119.0
-32.5 55.0 133.0
-32.5 57.25 145.0
-32.5 59.5 143.0
-32.5 61.75 138.0
-32.5 64.0 139.0
-32.5 66.25 93.0
-32.5 68.5 103.0
-32.5 70.75 103.0
-32.5 73.0 104.0
-32.5 75.25 112.0
-32.5 77.5 113.0
-32.5 79.75 112.0
-32.5 82.0 110.0
-32.5 84.25 114.0
-32.5 86.5 118.0
-32.5 88.75 108.0
-32.5 91.0 113.0
-32.5 93.25 121.0
-32.5 95.5 114.0
-32.5 97.75 120.0
-32.5 100.0 60.0
-30.0 10.0 483.0
-30.0 12.25 374.0
-30.0 14.5 293.0
-30.0 16.75 290.0
-30.0 19.0 272.0
-30.0 21.25 244.0
-30.0 23.5 236.0
-30.0 25.75 218.0
-30.0 28.0 230.0
-30.0 30.25 206.0
-30.0 32.5 211.0
-30.0 34.75 180.0
-30.0 37.0 187.0
-30.0 39.25 186.0
-30.0 41.5 145.0
-30.0 43.75 153.0
-30.0 46.0 168.0
-30.0 48.25 156.0
-30.0 50.5 129.0
-30.0 52.75 139.0
-30.0 55.0 145.0
-30.0 57.25 137.0
-30.0 59.5 143.0
-30.0 61.75 147.0
-30.0 64.0 154.0
-30.0 66.25 111.0
-30.0 68.5 90.0
-30.0 70.75 98.0
-30.0 73.0 103.0
-30.0 75.25 107.0
-30.0 77.5 98.0
-30.0 79.75 106.0
-30.0 82.0 129.0
-30.0 84.25 111.0
-30.0 86.5 116.0
-30.0 88.75 117.0
-30.0 91.0 106.0
-30.0 93.25 115.0
-30.0 95.5 122.0
-30.0 97.75 117.0
-30.0 100.0 75.0
-27.5 10.0 422.0
-27.5 12.25 351.0
-27.5 14.5 282.0
-27.5 16.75 260.0
-27.5 19.0 239.0
-27.5 21.25 236.0
-27.5 23.5 219.0
-27.5 25.75 198.0
-27.5 28.0 206.0
-27.5 30.25 182.0
-27.5 32.5 179.0
-27.5 34.75 189.0
-27.5 37.0 167.0
-27.5 39.25 183.0
-27.5 41.5 142.0
-27.5 43.75 141.0
-27.5 46.0 158.0
-27.5 48.25 146.0
-27.5 50.5 110.0
-27.5 52.75 111.0
-27.5 55.0 122.0
-27.5 57.25 127.0
-27.5 59.5 135.0
-27.5 61.75 132.0
-27.5 64.0 134.0
-27.5 66.25 90.0
-27.5 68.5 84.0
-27.5 70.75 96.0
-27.5 73.0 96.0
-27.5 75.25 94.0
-27.5 77.5 95.0
-27.5 79.75 97.0
-27.5 82.0 110.0
-27.5 84.25 111.0
-27.5 86.5 111.0
-27.5 88.75 110.0
-27.5 91.0 116.0
-27.5 93.25 123.0
-27.5 95.5 122.0
-27.5 97.75 116.0
-27.5 100.0 51.0
-25.0 10.0 429.0
-25.0 12.25 353.0
-25.0 14.5 271.0
-25.0 16.75 251.0
-25.0 19.0 243.0
-25.0 21.25 231.0
-25.0 23.5 214.0
-25.0 25.75 186.0
-25.0 28.0 209.0
-25.0 30.25 177.0
-25.0 32.5 182.0
-25.0 34.75 165.0
-25.0 37.0 170.0
-25.0 39.25 186.0
-25.0 41.5 133.0
-25.0 43.75 136.0
-25.0 46.0 149.0
-25.0 48.25 148.0
-25.0 50.5 122.0
-25.0 52.75 122.0
-25.0 55.0 109.0
-25.0 57.25 125.0
-25.0 59.5 124.0
-25.0 61.75 133.0
-25.0 64.0 131.0
-25.0 66.25 85.0
-25.0 68.5 87.0
-25.0 70.75 96.0
-25.0 73.0 94.0
-25.0 75.25 103.0
-25.0 77.5 96.0
-25.0 79.75 100.0
-25.0 82.0 101.0
-25.0 84.25 109.0
-25.0 86.5 114.0
-25.0 88.75 126.0
-25.0 91.0 108.0
-25.0 93.25 106.0
-25.0 95.5 111.0
-25.0 97.75 123.0
-25.0 100.0 59.0
-22.5 10.0 344.0
-22.5 12.25 299.0
-22.5 14.5 245.0
-22.5 16.75 244.0
-22.5 19.0 213.0
-22.5 21.25 232.0
-22.5 23.5 190.0
-22.5 25.75 199.0
-22.5 28.0 191.0
-22.5 30.25 160.0
-22.5 32.5 177.0
-22.5 34.75 145.0
-22.5 37.0 157.0
-22.5 39.25 168.0
-22.5 41.5 134.0
-22.5 43.75 136.0
-22.5 46.0 140.0
-22.5 48.25 151.0
-22.5 50.5 113.0
-22.5 52.75 106.0
-22.5 55.0 106.0
-22.5 57.25 104.0
-22.5 59.5 118.0
-22.5 61.75 119.0
-22.5 64.0 130.0
-22.5 66.25 89.0
-22.5 68.5 88.0
-22.5 70.75 96.0
-22.5 73.0 80.0
-22.5 75.25 86.0
-22.5 77.5 92.0
-22.5 79.75 104.0
-22.5 82.0 96.0
-22.5 84.25 92.0
-22.5 86.5 109.0
-22.5 88.75 117.0
-22.5 91.0 107.0
-22.5 93.25 119.0
-22.5 95.5 102.0
-22.5 97.75 101.0
-22.5 100.0 57.0
-20.0 10.0 398.0
-20.0 12.25 318.0
-20.0 14.5 246.0
-20.0 16.75 244.0
-20.0 19.0 209.0
-20.0 21.25 222.0
-20.0 23.5 187.0
-20.0 25.75 178.0
-20.0 28.0 191.0
-20.0 30.25 162.0
-20.0 32.5 164.0
-20.0 34.75 151.0
-20.0 37.0 156.0
-20.0 39.25 159.0
-20.0 41.5 144.0
-20.0 43.75 137.0
-20.0 46.0 138.0
-20.0 48.25 139.0
-20.0 50.5 110.0
-20.0 52.75 111.0
-20.0 55.0 125.0
-20.0 57.25 121.0
-20.0 59.5 118.0
-20.0 61.75 121.0
-20.0 64.0 119.0
-20.0 66.25 85.0
-20.0 68.5 85.0
-20.0 70.75 85.0
-20.0 73.0 81.0
-20.0 75.25 93.0
-20.0 77.5 96.0
-20.0 79.75 103.0
-20.0 82.0 107.0
-20.0 84.25 107.0
-20.0 86.5 100.0
-20.0 88.75 102.0
-20.0 91.0 117.0
-20.0 93.25 110.0
-20.0 95.5 106.0
-20.0 97.75 96.0
-20.0 100.0 59.0
-17.5 10.0 309.0
-17.5 12.25 272.0
-17.5 14.5 211.0
-17.5 16.75 219.0
-17.5 19.0 187.0
-17.5 21.25 195.0
-17.5 23.5 180.0
-17.5 25.75 156.0
-17.5 28.0 178.0
-17.5 30.25 159.0
-17.5 32.5 153.0
-17.5 34.75 155.0
-17.5 37.0 151.0
-17.5 39.25 160.0
-17.5 41.5 135.0
-17.5 43.75 121.0
-17.5 46.0 130.0
-17.5 48.25 121.0
-17.5 50.5 100.0
-17.5 52.75 94.0
-17.5 55.0 113.0
-17.5 57.25 104.0
-17.5 59.5 119.0
-17.5 61.75 114.0
-17.5 64.0 129.0
-17.5 66.25 78.0
-17.5 68.5 79.0
-17.5 70.75 89.0
-17.5 73.0 86.0
-17.5 75.25 93.0
-17.5 77.5 96.0
-17.5 79.75 92.0
-17.5 82.0 100.0
-17.5 84.25 99.0
-17.5 86.5 110.0
-17.5 88.75 98.0
-17.5 91.0 106.0
-17.5 93.25 111.0
-17.5 95.5 101.0
-17.5 97.75 112.0
-17.5 100.0 53.0
-15.0 10.0 305.0
-15.0 12.25 278.0
-15.0 14.5 225.0
-15.0 16.75 221.0
-15.0 19.0 204.0
-15.0 21.25 196.0
-15.0 23.5 179.0
-15.0 25.75 176.0
-15.0 28.0 166.0
-15.0 30.25 158.0
-15.0 32.5 161.0
-15.0 34.75 135.0
-15.0 37.0 153.0
-15.0 39.25 160.0
-15.0 41.5 126.0
-15.0 43.75 125.0
-15.0 46.0 145.0
-15.0 48.25 128.0
-15.0 50.5 96.0
-15.0 52.75 100.0
-15.0 55.0 108.0
-15.0 57.25 101.0
-15.0 59.5 117.0
-15.0 61.75 122.0
-15.0 64.0 114.0
-15.0 66.25 76.0
-15.0 68.5 77.0
-15.0 70.75 86.0
-15.0 73.0 93.0
-15.0 75.25 86.0
-15.0 77.5 100.0
-15.0 79.75 101.0
-15.0 82.0 91.0
-15.0 84.25 98.0
-15.0 86.5 109.0
-15.0 88.75 102.0
-15.0 91.0 110.0
-15.0 93.25 108.0
-15.0 95.5 95.0
-15.0 97.75 109.0
-15.0 100.0 59.0
-12.5 10.0 278.0
-12.5 12.25 224.0
-12.5 14.5 184.0
-12.5 16.75 179.0
-12.5 19.0 175.0
-12.5 21.25 177.0
-12.5 23.5 153.0
-12.5 25.75 151.0
-12.5 28.0 154.0
-12.5 30.25 132.0
-12.5 32.5 141.0
-12.5 34.75 142.0
-12.5 37.0 120.0
-12.5 39.25 141.0
-12.5 41.5 127.0
-12.5 43.75 106.0
-12.5 46.0 121.0
-12.5 48.25 117.0
-12.5 50.5 96.0
-12.5 52.75 106.0
-12.5 55.0 100.0
-12.5 57.25 93.0
-12.5 59.5 124.0
-12.5 61.75 105.0
-12.5 64.0 109.0
-12.5 66.25 73.0
-12.5 68.5 77.0
-12.5 70.75 81.0
-12.5 73.0 81.0
-12.5 75.25 82.0
-12.5 77.5 79.0
-12.5 79.75 85.0
-12.5 82.0 94.0
-12.5 84.25 99.0
-12.5 86.5 106.0
-12.5 88.75 96.0
-12.5 91.0 90.0
-12.5 93.25 99.0
-12.5 95.5 110.0
-12.5 97.75 100.0
-12.5 100.0 55.0
-10.0 10.0 281.0
-10.0 12.25 237.0
-10.0 14.5 192.0
-10.0 16.75 193.0
-10.0 19.0 176.0
-10.0 21.25 171.0
-10.0 23.5 161.0
-10.0 25.75 164.0
-10.0 28.0 153.0
-10.0 30.25 139.0
-10.0 32.5 145.0
-10.0 34.75 135.0
-10.0 37.0 133.0
-10.0 39.25 142.0
-10.0 41.5 104.0
-10.0 43.75 104.0
-10.0 46.0 124.0
-10.0 48.25 107.0
-10.0 50.5 92.0
-10.0 52.75 91.0
-10.0 55.0 94.0
-10.0 57.25 100.0
-10.0 59.5 109.0
-10.0 61.75 104.0
-10.0 64.0 114.0
-10.0 66.25 77.0
-10.0 68.5 77.0
-10.0 70.75 86.0
-10.0 73.0 82.0
-10.0 75.25 90.0
-10.0 77.5 91.0
-10.0 79.75 90.0
-10.0 82.0 93.0
-10.0 84.25 103.0
-10.0 86.5 91.0
-10.0 88.75 95.0
-10.0 91.0 106.0
-10.0 93.25 104.0
-10.0 95.5 91.0
-10.0 97.75 97.0
-10.0 100.0 60.0
-7.5 10.0 244.0
-7.5 12.25 180.0
-7.5 14.5 147.0
-7.5 16.75 153.0
-7.5 19.0 140.0
-7.5 21.25 146.0
-7.5 23.5 131.0
-7.5 25.75 124.0
-7.5 28.0 142.0
-7.5 30.25 117.0
-7.5 32.5 134.0
-7.5 34.75 124.0
-7.5 37.0 118.0
-7.5 39.25 140.0
-7.5 41.5 105.0
-7.5 43.75 102.0
-7.5 46.0 115.0
-7.5 48.25 106.0
-7.5 50.5 98.0
-7.5 52.75 91.0
-7.5 55.0 98.0
-7.5 57.25 88.0
-7.5 59.5 87.0
-7.5 61.75 101.0
-7.5 64.0 107.0
-7.5 66.25 74.0
-7.5 68.5 80.0
-7.5 70.75 70.0
-7.5 73.0 84.0
-7.5 75.25 85.0
-7.5 77.5 80.0
-7.5 79.75 97.0
-7.5 82.0 76.0
-7.5 84.25 96.0
-7.5 86.5 90.0
-7.5 88.75 103.0
-7.5 91.0 95.0
-7.5 93.25 96.0
-7.5 95.5 109.0
-7.5 97.75 93.0
-7.5 100.0 40.0
-5.0 10.0 228.0
-5.0 12.25 197.0
-5.0 14.5 159.0
-5.0 16.75 151.0
-5.0 19.0 155.0
-5.0 21.25 143.0
-5.0 23.5 132.0
-5.0 25.75 143.0
-5.0 28.0 135.0
-5.0 30.25 135.0
-5.0 32.5 126.0
-5.0 34.75 111.0
-5.0 37.0 117.0
-5.0 39.25 136.0
-5.0 41.5 106.0
-5.0 43.75 103.0
-5.0 46.0 113.0
-5.0 48.25 102.0
-5.0 50.5 90.0
-5.0 52.75 88.0
-5.0 55.0 88.0
-5.0 57.25 97.0
-5.0 59.5 93.0
-5.0 61.75 98.0
-5.0 64.0 112.0
-5.0 66.25 69.0
-5.0 68.5 63.0
-5.0 70.75 74.0
-5.0 73.0 84.0
-5.0 75.25 78.0
-5.0 77.5 80.0
-5.0 79.75 85.0
-5.0 82.0 76.0
-5.0 84.25 96.0
-5.0 86.5 96.0
-5.0 88.75 90.0
-5.0 91.0 101.0
-5.0 93.25 98.0
-5.0 95.5 101.0
-5.0 97.75 103.0
-5.0 100.0 45.0
-2.5 10.0 202.0
-2.5 12.25 146.0
-2.5 14.5 119.0
-2.5 16.75 126.0
-2.5 19.0 116.0
-2.5 21.25 136.0
-2.5 23.5 117.0
-2.5 25.75 113.0
-2.5 28.0 123.0
-2.5 30.25 112.0
-2.5 32.5 119.0
-2.5 34.75 113.0
-2.5 37.0 111.0
-2.5 39.25 127.0
-2.5 41.5 89.0
-2.5 43.75 93.0
-2.5 46.0 107.0
-2.5 48.25 92.0
-2.5 50.5 91.0
-2.5 52.75 94.0
-2.5 55.0 88.0
-2.5 57.25 83.0
-2.5 59.5 88.0
-2.5 61.75 97.0
-2.5 64.0 110.0
-2.5 66.25 62.0
-2.5 68.5 74.0
-2.5 70.75 70.0
-2.5 73.0 68.0
-2.5 75.25 79.0
-2.5 77.5 82.0
-2.5 79.75 77.0
-2.5 82.0 80.0
-2.5 84.25 94.0
-2.5 86.5 83.0
-2.5 88.75 93.0
-2.5 91.0 88.0
-2.5 93.25 74.0
-2.5 95.5 101.0
-2.5 97.75 90.0
-2.5 100.0 48.0
0.0 10.0 186.0
0.0 12.25 156.0
0.0 14.5 135.0
0.0 16.75 129.0
0.0 19.0 113.0
0.0 21.25 123.0
0.0 23.5 125.0
0.0 25.75 117.0
0.0 28.0 116.0
0.0 30.25 110.0
0.0 32.5 118.0
0.0 34.75 113.0
0.0 37.0 115.0
0.0 39.25 131.0
0.0 41.5 94.0
0.0 43.75 103.0
0.0 46.0 119.0
0.0 48.25 100.0
0.0 50.5 79.0
0.0 52.75 84.0
0.0 55.0 82.0
0.0 57.25 91.0
0.0 59.5 86.0
0.0 61.75 93.0
0.0 64.0 102.0
0.0 66.25 65.0
0.0 68.5 65.0
0.0 70.75 67.0
0.0 73.0 74.0
0.0 75.25 83.0
0.0 77.5 83.0
0.0 79.75 76.0
0.0 82.0 79.0
0.0 84.25 86.0
0.0 86.5 91.0
0.0 88.75 82.0
0.0 91.0 92.0
0.0 93.25 90.0
0.0 95.5 95.0
0.0 97.75 84.0
0.0 100.0 49.0
2.5 10.0 168.0
2.5 12.25 155.0
2.5 14.5 122.0
2.5 16.75 130.0
2.5 19.0 120.0
2.5 21.25 118.0
2.5 23.5 112.0
2.5 25.75 114.0
2.5 28.0 123.0
2.5 30.25 105.0
2.5 32.5 128.0
2.5 34.75 105.0
2.5 37.0 111.0
2.5 39.25 108.0
2.5 41.5 90.0
2.5 43.75 97.0
2.5 46.0 101.0
2.5 48.25 95.0
2.5 50.5 86.0
2.5 52.75 79.0
2.5 55.0 85.0
2.5 57.25 85.0
2.5 59.5 98.0
2.5 61.75 87.0
2.5 64.0 98.0
2.5 66.25 69.0
2.5 68.5 68.0
2.5 70.75 72.0
2.5 73.0 77.0
2.5 75.25 88.0
2.5 77.5 82.0
2.5 79.75 78.0
2.5 82.0 85.0
2.5 84.25 86.0
2.5 86.5 84.0
2.5 88.75 93.0
2.5 91.0 86.0
2.5 93.25 94.0
2.5 95.5 94.0
2.5 97.75 90.0
2.5 100.0 53.0
5.0 10.0 134.0
5.0 12.25 150.0
5.0 14.5 119.0
5.0 16.75 132.0
5.0 19.0 119.0
5.0 21.25 129.0
5.0 23.5 124.0
5.0 25.75 104.0
5.0 28.0 125.0
5.0 30.25 91.0
5.0 32.5 107.0
5.0 34.75 86.0
5.0 37.0 102.0
5.0 39.25 107.0
5.0 41.5 90.0
5.0 43.75 91.0
5.0 46.0 88.0
5.0 48.25 110.0
5.0 50.5 70.0
5.0 52.75 81.0
5.0 55.0 75.0
5.0 57.25 92.0
5.0 59.5 85.0
5.0 61.75 95.0
5.0 64.0 86.0
5.0 66.25 64.0
5.0 68.5 65.0
5.0 70.75 65.0
5.0 73.0 72.0
5.0 75.25 77.0
5.0 77.5 82.0
5.0 79.75 71.0
5.0 82.0 83.0
5.0 84.25 83.0
5.0 86.5 85.0
5.0 88.75 76.0
5.0 91.0 84.0
5.0 93.25 82.0
5.0 95.5 86.0
5.0 97.75 97.0
5.0 100.0 50.0
7.5 10.0 134.0
7.5 12.25 122.0
7.5 14.5 102.0
7.5 16.75 103.0
7.5 19.0 97.0
7.5 21.25 100.0
7.5 23.5 102.0
7.5 25.75 94.0
7.5 28.0 101.0
7.5 30.25 88.0
7.5 32.5 111.0
7.5 34.75 100.0
7.5 37.0 85.0
7.5 39.25 104.0
7.5 41.5 89.0
7.5 43.75 87.0
7.5 46.0 96.0
7.5 48.25 79.0
7.5 50.5 76.0
7.5 52.75 76.0
7.5 55.0 72.0
7.5 57.25 79.0
7.5 59.5 80.0
7.5 61.75 92.0
7.5 64.0 94.0
7.5 66.25 58.0
7.5 68.5 65.0
7.5 70.75 61.0
7.5 73.0 69.0
7.5 75.25 69.0
7.5 77.5 70.0
7.5 79.75 74.0
7.5 82.0 79.0
7.5 84.25 71.0
7.5 86.5 87.0
7.5 88.75 86.0
7.5 91.0 87.0
7.5 93.25 88.0
7.5 95.5 97.0
7.5 97.75 84.0
7.5 100.0 53.0
10.0 10.0 81.0
10.0 12.25 115.0
10.0 14.5 81.0
10.0 16.75 96.0
10.0 19.0 94.0
10.0 21.25 115.0
10.0 23.5 92.0
10.0 25.75 85.0
10.0 28.0 104.0
10.0 30.25 100.0
10.0 32.5 93.0
10.0 34.75 97.0
10.0 37.0 92.0
10.0 39.25 93.0
10.0 41.5 95.0
10.0 43.75 83.0
10.0 46.0 89.0
10.0 48.25 80.0
10.0 50.5 52.0
10.0 52.75 62.0
10.0 55.0 83.0
10.0 57.25 88.0
10.0 59.5 85.0
10.0 61.75 78.0
10.0 64.0 84.0
10.0 66.25 53.0
10.0 68.5 68.0
10.0 70.75 58.0
10.0 73.0 65.0
10.0 75.25 71.0
10.0 77.5 66.0
10.0 79.75 68.0
10.0 82.0 79.0
10.0 84.25 77.0
10.0 86.5 78.0
10.0 88.75 82.0
10.0 91.0 77.0
10.0 93.25 87.0
10.0 95.5 83.0
10.0 97.75 85.0
10.0 100.0 50.0
12.5 10.0 150.0
12.5 12.25 115.0
12.5 14.5 88.0
12.5 16.75 81.0
12.5 19.0 78.0
12.5 21.25 77.0
12.5 23.5 79.0
12.5 25.75 84.0
12.5 28.0 87.0
12.5 30.25 86.0
12.5 32.5 91.0
12.5 34.75 89.0
12.5 37.0 88.0
12.5 39.25 96.0
12.5 41.5 75.0
12.5 43.75 78.0
12.5 46.0 83.0
12.5 48.25 77.0
12.5 50.5 71.0
12.5 52.75 56.0
12.5 55.0 73.0
12.5 57.25 69.0
12.5 59.5 74.0
12.5 61.75 80.0
12.5 64.0 80.0
12.5 66.25 61.0
12.5 68.5 56.0
12.5 70.75 64.0
12.5 73.0 59.0
12.5 75.25 58.0
12.5 77.5 71.0
12.5 79.75 78.0
12.5 82.0 67.0
12.5 84.25 74.0
12.5 86.5 76.0
12.5 88.75 85.0
12.5 91.0 94.0
12.5 93.25 85.0
12.5 95.5 83.0
12.5 97.75 80.0
12.5 100.0 52.0
15.0 10.0 139.0
15.0 12.25 109.0
15.0 14.5 102.0
15.0 16.75 77.0
15.0 19.0 66.0
15.0 21.25 82.0
15.0 23.5 69.0
15.0 25.75 65.0
15.0 28.0 80.0
15.0 30.25 73.0
15.0 32.5 92.0
15.0 34.75 71.0
15.0 37.0 93.0
15.0 39.25 97.0
15.0 41.5 75.0
15.0 43.75 71.0
15.0 46.0 67.0
15.0 48.25 71.0
15.0 50.5 53.0
15.0 52.75 63.0
15.0 55.0 66.0
15.0 57.25 76.0
15.0 59.5 77.0
15.0 61.75 72.0
15.0 64.0 78.0
15.0 66.25 54.0
15.0 68.5 57.0
15.0 70.75 61.0
15.0 73.0 68.0
15.0 75.25 62.0
15.0 77.5 72.0
15.0 79.75 62.0
15.0 82.0 61.0
15.0 84.25 73.0
15.0 86.5 77.0
15.0 88.75 91.0
15.0 91.0 72.0
15.0 93.25 71.0
15.0 95.5 76.0
15.0 97.75 81.0
15.0 100.0 35.0
17.5 10.0 189.0
17.5 12.25 124.0
17.5 14.5 90.0
17.5 16.75 87.0
17.5 19.0 78.0
17.5 21.25 67.0
17.5 23.5 57.0
17.5 25.75 67.0
17.5 28.0 61.0
17.5 30.25 78.0
17.5 32.5 71.0
17.5 34.75 72.0
17.5 37.0 70.0
17.5 39.25 84.0
17.5 41.5 71.0
17.5 43.75 71.0
17.5 46.0 78.0
17.5 48.25 67.0
17.5 50.5 62.0
17.5 52.75 56.0
17.5 55.0 62.0
17.5 57.25 66.0
17.5 59.5 66.0
17.5 61.75 73.0
17.5 64.0 77.0
17.5 66.25 60.0
17.5 68.5 54.0
17.5 70.75 62.0
17.5 73.0 58.0
17.5 75.25 63.0
17.5 77.5 69.0
17.5 79.75 68.0
17.5 82.0 65.0
17.5 84.25 68.0
17.5 86.5 78.0
17.5 88.75 71.0
17.5 91.0 82.0
17.5 93.25 90.0
17.5 95.5 76.0
17.5 97.75 78.0
17.5 100.0 34.0
20.0 10.0 182.0
20.0 12.25 138.0
20.0 14.5 115.0
20.0 16.75 78.0
20.0 19.0 78.0
20.0 21.25 59.0
20.0 23.5 59.0
20.0 25.75 44.0
20.0 28.0 70.0
20.0 30.25 48.0
20.0 32.5 72.0
20.0 34.75 61.0
20.0 37.0 72.0
20.0 39.25 82.0
20.0 41.5 65.0
20.0 43.75 65.0
20.0 46.0 70.0
20.0 48.25 70.0
20.0 50.5 53.0
20.0 52.75 64.0
20.0 55.0 55.0
20.0 57.25 57.0
20.0 59.5 64.0
20.0 61.75 67.0
20.0 64.0 77.0
20.0 66.25 49.0
20.0 68.5 46.0
20.0 70.75 50.0
20.0 73.0 56.0
20.0 75.25 57.0
20.0 77.5 66.0
20.0 79.75 60.0
20.0 82.0 59.0
20.0 84.25 59.0
20.0 86.5 68.0
20.0 88.75 77.0
20.0 91.0 66.0
20.0 93.25 73.0
20.0 95.5 69.0
20.0 97.75 67.0
20.0 100.0 33.0
22.5 10.0 225.0
22.5 12.25 163.0
22.5 14.5 135.0
22.5 16.75 83.0
22.5 19.0 72.0
22.5 21.25 65.0
22.5 23.5 55.0
22.5 25.75 52.0
22.5 28.0 42.0
22.5 30.25 58.0
22.5 32.5 53.0
22.5 34.75 60.0
22.5 37.0 51.0
22.5 39.25 72.0
22.5 41.5 61.0
22.5 43.75 56.0
22.5 46.0 57.0
22.5 48.25 60.0
22.5 50.5 46.0
22.5 52.75 48.0
22.5 55.0 55.0
22.5 57.25 54.0
22.5 59.5 64.0
22.5 61.75 80.0
22.5 64.0 75.0
22.5 66.25 46.0
22.5 68.5 48.0
22.5 70.75 55.0
22.5 73.0 60.0
22.5 75.25 61.0
22.5 77.5 54.0
22.5 79.75 59.0
22.5 82.0 62.0
22.5 84.25 67.0
22.5 86.5 59.0
22.5 88.75 76.0
22.5 91.0 71.0
22.5 93.25 72.0
22.5 95.5 74.0
22.5 97.75 82.0
22.5 100.0 39.0
25.0 10.0 238.0
25.0 12.25 204.0
25.0 14.5 154.0
25.0 16.75 106.0
25.0 19.0 99.0
25.0 21.25 68.0
25.0 23.5 51.0
25.0 25.75 45.0
25.0 28.0 49.0
25.0 30.25 43.0
25.0 32.5 54.0
25.0 34.75 47.0
25.0 37.0 61.0
25.0 39.25 56.0
25.0 41.5 61.0
25.0 43.75 58.0
25.0 46.0 60.0
25.0 48.25 55.0
25.0 50.5 44.0
25.0 52.75 55.0
25.0 55.0 57.0
25.0 57.25 54.0
25.0 59.5 56.0
25.0 61.75 64.0
25.0 64.0 62.0
25.0 66.25 39.0
25.0 68.5 47.0
25.0 70.75 46.0
25.0 73.0 57.0
25.0 75.25 50.0
25.0 77.5 57.0
25.0 79.75 56.0
25.0 82.0 59.0
25.0 84.25 65.0
25.0 86.5 63.0
25.0 88.75 64.0
25.0 91.0 68.0
25.0 93.25 63.0
25.0 95.5 68.0
25.0 97.75 78.0
25.0 100.0 40.0
27.5 10.0 264.0
27.5 12.25 199.0
27.5 14.5 152.0
27.5 16.75 108.0
27.5 19.0 102.0
27.5 21.25 88.0
27.5 23.5 65.0
27.5 25.75 52.0
27.5 28.0 47.0
27.5 30.25 42.0
27.5 32.5 40.0
27.5 34.75 49.0
27.5 37.0 48.0
27.5 39.25 67.0
27.5 41.5 45.0
27.5 43.75 46.0
27.5 46.0 56.0
27.5 48.25 47.0
27.5 50.5 44.0
27.5 52.75 52.0
27.5 55.0 46.0
27.5 57.25 51.0
27.5 59.5 66.0
27.5 61.75 63.0
27.5 64.0 62.0
27.5 66.25 45.0
27.5 68.5 42.0
27.5 70.75 45.0
27.5 73.0 46.0
27.5 75.25 54.0
27.5 77.5 58.0
27.5 79.75 55.0
27.5 82.0 54.0
27.5 84.25 60.0
27.5 86.5 48.0
27.5 88.75 73.0
27.5 91.0 71.0
27.5 93.25 69.0
27.5 95.5 64.0
27.5 97.75 61.0
27.5 100.0 29.0
30.0 10.0 271.0
30.0 12.25 236.0
30.0 14.5 182.0
30.0 16.75 129.0
30.0 19.0 116.0
30.0 21.25 76.0
30.0 23.5 80.0
30.0 25.75 54.0
30.0 28.0 57.0
30.0 30.25 22.0
30.0 32.5 36.0
30.0 34.75 38.0
30.0 37.0 50.0
30.0 39.25 54.0
30.0 41.5 50.0
30.0 43.75 48.0
30.0 46.0 43.0
30.0 48.25 49.0
30.0 50.5 36.0
30.0 52.75 45.0
30.0 55.0 39.0
30.0 57.25 50.0
30.0 59.5 42.0
30.0 61.75 55.0
30.0 64.0 64.0
30.0 66.25 38.0
30.0 68.5 46.0
30.0 70.75 44.0
30.0 73.0 48.0
30.0 75.25 45.0
30.0 77.5 55.0
30.0 79.75 50.0
30.0 82.0 52.0
30.0 84.25 59.0
30.0 86.5 58.0
30.0 88.75 65.0
30.0 91.0 60.0
30.0 93.25 62.0
30.0 95.5 61.0
30.0 97.75 67.0
30.0 100.0 35.0
32.5 10.0 316.0
32.5 12.25 241.0
32.5 14.5 196.0
32.5 16.75 142.0
32.5 19.0 124.0
32.5 21.25 99.0
32.5 23.5 78.0
32.5 25.75 56.0
32.5 28.0 54.0
32.5 30.25 42.0
32.5 32.5 31.0
32.5 34.75 43.0
32.5 37.0 45.0
32.5 39.25 49.0
32.5 41.5 39.0
32.5 43.75 36.0
32.5 46.0 49.0
32.5 48.25 47.0
32.5 50.5 45.0
32.5 52.75 45.0
32.5 55.0 56.0
32.5 57.25 49.0
32.5 59.5 54.0
32.5 61.75 61.0
32.5 64.0 51.0
32.5 66.25 43.0
32.5 68.5 39.0
32.5 70.75 48.0
32.5 73.0 42.0
32.5 75.25 48.0
32.5 77.5 40.0
32.5 79.75 54.0
32.5 82.0 57.0
32.5 84.25 59.0
32.5 86.5 55.0
32.5 88.75 64.0
32.5 91.0 59.0
32.5 93.25 53.0
32.5 95.5 67.0
32.5 97.75 70.0
32.5 100.0 40.0
35.0 10.0 314.0
35.0 12.25 271.0
35.0 14.5 210.0
35.0 16.75 169.0
35.0 19.0 132.0
35.0 21.25 104.0
35.0 23.5 104.0
35.0 25.75 67.0
35.0 28.0 71.0
35.0 30.25 39.0
35.0 32.5 45.0
35.0 34.75 34.0
35.0 37.0 34.0
35.0 39.25 30.0
35.0 41.5 44.0
35.0 43.75 39.0
35.0 46.0 38.0
35.0 48.25 56.0
35.0 50.5 36.0
35.0 52.75 43.0
35.0 55.0 46.0
35.0 57.25 52.0
35.0 59.5 44.0
35.0 61.75 54.0
35.0 64.0 54.0
35.0 66.25 30.0
35.0 68.5 35.0
35.0 70.75 34.0
35.0 73.0 50.0
35.0 75.25 48.0
35.0 77.5 46.0
35.0 79.75 48.0
35.0 82.0 35.0
35.0 84.25 50.0
35.0 86.5 53.0
35.0 88.75 59.0
35.0 91.0 59.0
35.0 93.25 63.0
35.0 95.5 60.0
35.0 97.75 60.0
35.0 100.0 29.0
37.5 10.0 357.0
37.5 12.25 269.0
37.5 14.5 223.0
37.5 16.75 169.0
37.5 19.0 134.0
37.5 21.25 106.0
37.5 23.5 103.0
37.5 25.75 89.0
37.5 28.0 68.0
37.5 30.25 55.0
37.5 32.5 44.0
37.5 34.75 41.0
37.5 37.0 33.0
37.5 39.25 40.0
37.5 41.5 25.0
37.5 43.75 24.0
37.5 46.0 39.0
37.5 48.25 40.0
37.5 50.5 40.0
37.5 52.75 36.0
37.5 55.0 40.0
37.5 57.25 35.0
37.5 59.5 54.0
37.5 61.75 48.0
37.5 64.0 56.0
37.5 66.25 33.0
37.5 68.5 35.0
37.5 70.75 42.0
37.5 73.0 37.0
37.5 75.25 27.0
37.5 77.5 43.0
37.5 79.75 46.0
37.5 82.0 51.0
37.5 84.25 49.0
37.5 86.5 58.0
37.5 88.75 56.0
37.5 91.0 60.0
37.5 93.25 60.0
37.5 95.5 59.0
37.5 97.75 60.0
37.5 100.0 30.0
40.0 10.0 363.0
40.0 12.25 294.0
40.0 14.5 246.0
40.0 16.75 201.0
40.0 19.0 178.0
40.0 21.25 128.0
40.0 23.5 103.0
40.0 25.75 87.0
40.0 28.0 75.0
40.0 30.25 56.0
40.0 32.5 47.0
40.0 34.75 34.0
40.0 37.0 38.0
40.0 39.25 30.0
40.0 41.5 26.0
40.0 43.75 30.0
40.0 46.0 29.0
40.0 48.25 37.0
40.0 50.5 28.0
40.0 52.75 34.0
40.0 55.0 35.0
40.0 57.25 47.0
40.0 59.5 35.0
40.0 61.75 42.0
40.0 64.0 38.0
40.0 66.25 22.0
40.0 68.5 31.0
40.0 70.75 33.0
40.0 73.0 43.0
40.0 75.25 37.0
40.0 77.5 45.0
40.0 79.75 40.0
40.0 82.0 40.0
40.0 84.25 47.0
40.0 86.5 44.0
40.0 88.75 57.0
40.0 91.0 58.0
40.0 93.25 46.0
40.0 95.5 50.0
40.0 97.75 53.0
40.0 100.0 29.0
42.5 10.0 419.0
42.5 12.25 302.0
42.5 14.5 250.0
42.5 16.75 189.0
42.5 19.0 191.0
42.5 21.25 147.0
42.5 23.5 116.0
42.5 25.75 95.0
42.5 28.0 86.0
42.5 30.25 63.0
42.5 32.5 58.0
42.5 34.75 49.0
42.5 37.0 35.0
42.5 39.25 34.0
42.5 41.5 32.0
42.5 43.75 30.0
42.5 46.0 31.0
42.5 48.25 29.0
42.5 50.5 23.0
42.5 52.75 27.0
42.5 55.0 39.0
42.5 57.25 39.0
42.5 59.5 47.0
42.5 61.75 40.0
42.5 64.0 43.0
42.5 66.25 30.0
42.5 68.5 29.0
42.5 70.75 31.0
42.5 73.0 38.0
42.5 75.25 37.0
42.5 77.5 42.0
42.5 79.75 50.0
42.5 82.0 43.0
42.5 84.25 48.0
42.5 86.5 51.0
42.5 88.75 55.0
42.5 91.0 53.0
42.5 93.25 53.0
42.5 95.5 51.0
42.5 97.75 53.0
42.5 100.0 29.0
45.0 10.0 379.0
45.0 12.25 352.0
45.0 14.5 301.0
45.0 16.75 195.0
45.0 19.0 190.0
45.0 21.25 153.0
45.0 23.5 134.0
45.0 25.75 108.0
45.0 28.0 110.0
45.0 30.25 69.0
45.0 32.5 75.0
45.0 34.75 41.0
45.0 37.0 54.0
45.0 39.25 36.0
45.0 41.5 29.0
45.0 43.75 27.0
45.0 46.0 16.0
45.0 48.25 24.0
45.0 50.5 21.0
45.0 52.75 24.0
45.0 55.0 31.0
45.0 57.25 29.0
45.0 59.5 33.0
45.0 61.75 35.0
45.0 64.0 32.0
45.0 66.25 25.0
45.0 68.5 32.0
45.0 70.75 31.0
45.0 73.0 33.0
45.0 75.25 34.0
45.0 77.5 40.0
45.0 79.75 40.0
45.0 82.0 48.0
45.0 84.25 44.0
45.0 86.5 38.0
45.0 88.75 52.0
45.0 91.0 45.0
45.0 93.25 44.0
45.0 95.5 42.0
45.0 97.75 47.0
45.0 100.0 32.0
47.5 10.0 405.0
47.5 12.25 314.0
47.5 14.5 252.0
47.5 16.75 184.0
47.5 19.0 165.0
47.5 21.25 129.0
47.5 23.5 124.0
47.5 25.75 103.0
47.5 28.0 86.0
47.5 30.25 82.0
47.5 32.5 71.0
47.5 34.75 57.0
47.5 37.0 41.0
47.5 39.25 50.0
47.5 41.5 26.0
47.5 43.75 28.0
47.5 46.0 27.0
47.5 48.25 20.0
47.5 50.5 19.0
47.5 52.75 18.0
47.5 55.0 33.0
47.5 57.25 34.0
47.5 59.5 35.0
47.5 61.75 32.0
47.5 64.0 38.0
47.5 66.25 26.0
47.5 68.5 26.0
47.5 70.75 38.0
47.5 73.0 32.0
47.5 75.25 40.0
47.5 77.5 38.0
47.5 79.75 41.0
47.5 82.0 43.0
47.5 84.25 53.0
47.5 86.5 46.0
47.5 88.75 57.0
47.5 91.0 55.0
47.5 93.25 63.0
47.5 95.5 51.0
47.5 97.75 52.0
47.5 100.0 28.0
50.0 10.0 405.0
50.0 12.25 351.0
50.0 14.5 287.0
50.0 16.75 210.0
50.0 19.0 197.0
50.0 21.25 149.0
50.0 23.5 129.0
50.0 25.75 109.0
50.0 28.0 93.0
50.0 30.25 72.0
50.0 32.5 96.0
50.0 34.75 64.0
50.0 37.0 59.0
50.0 39.25 55.0
50.0 41.5 37.0
50.0 43.75 38.0
50.0 46.0 30.0
50.0 48.25 29.0
50.0 50.5 21.0
50.0 52.75 18.0
50.0 55.0 17.0
50.0 57.25 26.0
50.0 59.5 26.0
50.0 61.75 27.0
50.0 64.0 34.0
50.0 66.25 18.0
50.0 68.5 26.0
50.0 70.75 24.0
50.0 73.0 32.0
50.0 75.25 34.0
50.0 77.5 41.0
50.0 79.75 40.0
50.0 82.0 48.0
50.0 84.25 51.0
50.0 86.5 40.0
50.0 88.75 49.0
50.0 91.0 51.0
50.0 93.25 52.0
50.0 95.5 50.0
50.0 97.75 48.0
50.0 100.0 23.0
