-50.0 10.0 579.0
-50.0 12.25 490.0
-50.0 14.5 393.0
-50.0 16.75 377.0
-50.0 19.0 342.0
-50.0 21.25 325.0
-50.0 23.5 314.0
-50.0 25.75 268.0
-50.0 28.0 266.0
-50.0 30.25 237.0
-50.0 32.5 246.0
-50.0 34.75 220.0
-50.0 37.0 226.0
-50.0 39.25 238.0
-50.0 41.5 184.0
-50.0 43.75 196.0
-50.0 46.0 206.0
-50.0 48.25 185.0
-50.0 50.5 140.0
-50.0 52.75 152.0
-50.0 55.0 149.0
-50.0 57.25 156.0
-50.0 59.5 160.0
-50.0 61.75 164.0
-50.0 64.0 161.0
-50.0 66.25 104.0
-50.0 68.5 111.0
-50.0 70.75 121.0
-50.0 73.0 104.0
-50.0 75.25 118.0
-50.0 77.5 109.0
-50.0 79.75 125.0
-50.0 82.0 133.0
-50.0 84.25 126.0
-50.0 86.5 135.0
-50.0 88.75 141.0
-50.0 91.0 143.0
-50.0 93.25 134.0
-50.0 95.5 142.0
-50.0 97.75 132.0
-50.0 100.0 66.0
-47.5 10.0 558.0
-47.5 12.25 457.0
-47.5 14.5 377.0
-47.5 16.75 336.0
-47.5 19.0 311.0
-47.5 21.25 297.0
-47.5 23.5 269.0
-47.5 25.75 231.0
-47.5 28.0 243.0
-47.5 30.25 223.0
-47.5 32.5 221.0
-47.5 34.75 197.0
-47.5 37.0 199.0
-47.5 39.25 211.0
-47.5 41.5 175.0
-47.5 43.75 166.0
-47.5 46.0 191.0
-47.5 48.25 176.0
-47.5 50.5 145.0
-47.5 52.75 131.0
-47.5 55.0 136.0
-47.5 57.25 137.0
-47.5 59.5 162.0
-47.5 61.75 150.0
-47.5 64.0 144.0
-47.5 66.25 107.0
-47.5 68.5 110.0
-47.5 70.75 127.0
-47.5 73.0 120.0
-47.5 75.25 120.0
-47.5 77.5 104.0
-47.5 79.75 111.0
-47.5 82.0 113.0
-47.5 84.25 118.0
-47.5 86.5 119.0
-47.5 88.75 118.0
-47.5 91.0 124.0
-47.5 93.25 117.0
-47.5 95.5 135.0
-47.5 97.75 121.0
-47.5 100.0 63.0
-45.0 10.0 594.0
-45.0 12.25 489.0
-45.0 14.5 394.0
-45.0 16.75 355.0
-45.0 19.0 341.0
-45.0 21.25 341.0
-45.0 23.5 298.0
-45.0 25.75 269.0
-45.0 28.0 273.0
-45.0 30.25 246.0
-45.0 32.5 236.0
-45.0 34.75 227.0
-45.0 37.0 211.0
-45.0 39.25 222.0
-45.0 41.5 189.0
-45.0 43.75 181.0
-45.0 46.0 196.0
-45.0 48.25 175.0
-45.0 50.5 150.0
-45.0 52.75 141.0
-45.0 55.0 153.0
-45.0 57.25 159.0
-45.0 59.5 168.0
-45.0 61.75 162.0
-45.0 64.0 175.0
-45.0 66.25 103.0
-45.0 68.5 111.0
-45.0 70.75 123.0
-45.0 73.0 112.0
-45.0 75.25 137.0
-45.0 77.5 117.0
-45.0 79.75 128.0
-45.0 82.0 127.0
-45.0 84.25 137.0
-45.0 86.5 134.0
-45.0 88.75 129.0
-45.0 91.0 135.0
-45.0 93.25 128.0
-45.0 95.5 135.0
-45.0 97.75 134.0
-45.0 100.0 66.0
-42.5 10.0 548.0
-42.5 12.25 489.0
-42.5 14.5 372.0
-42.5 16.75 336.0
-42.5 19.0 320.0
-42.5 21.25 296.0
-42.5 23.5 264.0
-42.5 25.75 240.0
-42.5 28.0 249.0
-42.5 30.25 211.0
-42.5 32.5 213.0
-42.5 34.75 187.0
-42.5 37.0 211.0
-42.5 39.25 229.0
-42.5 41.5 172.0
-42.5 43.75 180.0
-42.5 46.0 187.0
-42.5 48.25 171.0
-42.5 50.5 140.0
-42.5 52.75 140.0
-42.5 55.0 148.0
-42.5 57.25 149.0
-42.5 59.5 156.0
-42.5 61.75 138.0
-42.5 64.0 155.0
-42.5 66.25 103.0
-42.5 68.5 105.0
-42.5 70.75 113.0
-42.5 73.0 118.0
-42.5 75.25 119.0
-42.5 77.5 107.0
-42.5 79.75 128.0
-42.5 82.0 113.0
-42.5 84.25 119.0
-42.5 86.5 130.0
-42.5 88.75 128.0
-42.5 91.0 131.0
-42.5 93.25 129.0
-42.5 95.5 133.0
-42.5 97.75 127.0
-42.5 100.0 59.0
-40.0 10.0 554.0
-40.0 12.25 438.0
-40.0 14.5 371.0
-40.0 16.75 355.0
-40.0 19.0 295.0
-40.0 21.25 297.0
-40.0 23.5 266.0
-40.0 25.75 263.0
-40.0 28.0 237.0
-40.0 30.25 228.0
-40.0 32.5 229.0
-40.0 34.75 202.0
-40.0 37.0 213.0
-40.0 39.25 224.0
-40.0 41.5 176.0
-40.0 43.75 165.0
-40.0 46.0 188.0
-40.0 48.25 163.0
-40.0 50.5 127.0
-40.0 52.75 150.0
-40.0 55.0 136.0
-40.0 57.25 145.0
-40.0 59.5 160.0
-40.0 61.75 171.0
-40.0 64.0 156.0
-40.0 66.25 111.0
-40.0 68.5 113.0
-40.0 70.75 111.0
-40.0 73.0 107.0
-40.0 75.25 113.0
-40.0 77.5 113.0
-40.0 79.75 123.0
-40.0 82.0 122.0
-40.0 84.25 117.0
-40.0 86.5 121.0
-40.0 88.75 126.0
-40.0 91.0 123.0
-40.0 93.25 131.0
-40.0 95.5 126.0
-40.0 97.75 130.0
-40.0 100.0 68.0
-37.5 10.0 499.0
-37.5 12.25 427.0
-37.5 14.5 333.0
-37.5 16.75 319.0
-37.5 19.0 281.0
-37.5 21.25 279.0
-37.5 23.5 249.0
-37.5 25.75 247.0
-37.5 28.0 245.0
-37.5 30.25 222.0
-37.5 32.5 203.0
-37.5 34.75 197.0
-37.5 37.0 203.0
-37.5 39.25 209.0
-37.5 41.5 150.0
-37.5 43.75 161.0
-37.5 46.0 170.0
-37.5 48.25 161.0
-37.5 50.5 132.0
-37.5 52.75 137.0
-37.5 55.0 139.0
-37.5 57.25 132.0
-37.5 59.5 133.0
-37.5 61.75 147.0
-37.5 64.0 153.0
-37.5 66.25 91.0
-37.5 68.5 107.0
-37.5 70.75 105.0
-37.5 73.0 108.0
-37.5 75.25 127.0
-37.5 77.5 114.0
-37.5 79.75 114.0
-37.5 82.0 121.0
-37.5 84.25 116.0
-37.5 86.5 109.0
-37.5 88.75 124.0
-37.5 91.0 117.0
-37.5 93.25 130.0
-37.5 95.5 129.0
-37.5 97.75 117.0
-37.5 100.0 67.0
-35.0 10.0 512.0
-35.0 12.25 436.0
-35.0 14.5 360.0
-35.0 16.75 331.0
-35.0 19.0 276.0
-35.0 21.25 275.0
-35.0 23.5 250.0
-35.0 25.75 238.0
-35.0 28.0 238.0
-35.0 30.25 224.0
-35.0 32.5 222.0
-35.0 34.75 195.0
-35.0 37.0 192.0
-35.0 39.25 205.0
-35.0 41.5 175.0
-35.0 43.75 159.0
-35.0 46.0 166.0
-35.0 48.25 165.0
-35.0 50.5 131.0
-35.0 52.75 128.0
-35.0 55.0 133.0
-35.0 57.25 145.0
-35.0 59.5 117.0
-35.0 61.75 162.0
-35.0 64.0 144.0
-35.0 66.25 101.0
-35.0 68.5 110.0
-35.0 70.75 106.0
-35.0 73.0 100.0
-35.0 75.25 112.0
-35.0 77.5 111.0
-35.0 79.75 122.0
-35.0 82.0 118.0
-35.0 84.25 122.0
-35.0 86.5 120.0
-35.0 88.75 125.0
-35.0 91.0 123.0
-35.0 93.25 117.0
-35.0 95.5 124.0
-35.0 97.75 129.0
-35.0 100.0 64.0
-32.5 10.0 431.0
-32.5 12.25 368.0
-32.5 14.5 328.0
-32.5 16.75 271.0
-32.5 19.0 262.0
-32.5 21.25 251.0
-32.5 23.5 223.0
-32.5 25.75 224.0
-32.5 28.0 227.0
-32.5 30.25 212.0
-32.5 32.5 198.0
-32.5 34.75 168.0
-32.5 37.0 181.0
-32.5 39.25 191.0
-32.5 41.5 153.0
-32.5 43.75 159.0
-32.5 46.0 170.0
-32.5 48.25 142.0
-32.5 50.5 114.0
-32.5 52.75 118.0
-32.5 55.0 126.0
-32.5 57.25 130.0
-32.5 59.5 134.0
-32.5 61.75 140.0
-32.5 64.0 141.0
-32.5 66.25 111.0
-32.5 68.5 92.0
-32.5 70.75 99.0
-32.5 73.0 106.0
-32.5 75.25 107.0
-32.5 77.5 118.0
-32.5 79.75 118.0
-32.5 82.0 103.0
-32.5 84.25 118.0
-32.5 86.5 108.0
-32.5 88.75 111.0
-32.5 91.0 113.0
-32.5 93.25 125.0
-32.5 95.5 126.0
-32.5 97.75 129.0
-32.5 100.0 65.0
-30.0 10.0 456.0
-30.0 12.25 385.0
-30.0 14.5 293.0
-30.0 16.75 313.0
-30.0 19.0 270.0
-30.0 21.25 251.0
-30.0 23.5 248.0
-30.0 25.75 233.0
-30.0 28.0 216.0
-30.0 30.25 196.0
-30.0 32.5 203.0
-30.0 34.75 172.0
-30.0 37.0 185.0
-30.0 39.25 194.0
-30.0 41.5 162.0
-30.0 43.75 147.0
-30.0 46.0 164.0
-30.0 48.25 159.0
-30.0 50.5 130.0
-30.0 52.75 132.0
-30.0 55.0 133.0
-30.0 57.25 124.0
-30.0 59.5 142.0
-30.0 61.75 146.0
-30.0 64.0 128.0
-30.0 66.25 100.0
-30.0 68.5 93.0
-30.0 70.75 101.0
-30.0 73.0 96.0
-30.0 75.25 105.0
-30.0 77.5 109.0
-30.0 79.75 106.0
-30.0 82.0 109.0
-30.0 84.25 117.0
-30.0 86.5 115.0
-30.0 88.75 116.0
-30.0 91.0 118.0
-30.0 93.25 118.0
-30.0 95.5 120.0
-30.0 97.75 123.0
-30.0 100.0 65.0
-27.5 10.0 405.0
-27.5 12.25 341.0
-27.5 14.5 259.0
-27.5 16.75 258.0
-27.5 19.0 240.0
-27.5 21.25 228.0
-27.5 23.5 214.0
-27.5 25.75 197.0
-27.5 28.0 199.0
-27.5 30.25 172.0
-27.5 32.5 184.0
-27.5 34.75 173.0
-27.5 37.0 171.0
-27.5 39.25 185.0
-27.5 41.5 152.0
-27.5 43.75 149.0
-27.5 46.0 154.0
-27.5 48.25 134.0
-27.5 50.5 115.0
-27.5 52.75 116.0
-27.5 55.0 126.0
-27.5 57.25 126.0
-27.5 59.5 127.0
-27.5 61.75 129.0
-27.5 64.0 133.0
-27.5 66.25 78.0
-27.5 68.5 92.0
-27.5 70.75 100.0
-27.5 73.0 103.0
-27.5 75.25 99.0
-27.5 77.5 96.0
-27.5 79.75 102.0
-27.5 82.0 101.0
-27.5 84.25 101.0
-27.5 86.5 116.0
-27.5 88.75 109.0
-27.5 91.0 122.0
-27.5 93.25 120.0
-27.5 95.5 124.0
-27.5 97.75 112.0
-27.5 100.0 57.0
-25.0 10.0 415.0
-25.0 12.25 351.0
-25.0 14.5 278.0
-25.0 16.75 265.0
-25.0 19.0 246.0
-25.0 21.25 244.0
-25.0 23.5 215.0
-25.0 25.75 188.0
-25.0 28.0 199.0
-25.0 30.25 201.0
-25.0 32.5 187.0
-25.0 34.75 169.0
-25.0 37.0 180.0
-25.0 39.25 181.0
-25.0 41.5 151.0
-25.0 43.75 150.0
-25.0 46.0 149.0
-25.0 48.25 147.0
-25.0 50.5 108.0
-25.0 52.75 115.0
-25.0 55.0 127.0
-25.0 57.25 110.0
-25.0 59.5 143.0
-25.0 61.75 126.0
-25.0 64.0 143.0
-25.0 66.25 91.0
-25.0 68.5 91.0
-25.0 70.75 107.0
-25.0 73.0 99.0
-25.0 75.25 98.0
-25.0 77.5 99.0
-25.0 79.75 106.0
-25.0 82.0 95.0
-25.0 84.25 105.0
-25.0 86.5 103.0
-25.0 88.75 119.0
-25.0 91.0 120.0
-25.0 93.25 118.0
-25.0 95.5 120.0
-25.0 97.75 112.0
-25.0 100.0 50.0
-22.5 10.0 359.0
-22.5 12.25 296.0
-22.5 14.5 246.0
-22.5 16.75 241.0
-22.5 19.0 198.0
-22.5 21.25 203.0
-22.5 23.5 189.0
-22.5 25.75 179.0
-22.5 28.0 200.0
-22.5 30.25 172.0
-22.5 32.5 160.0
-22.5 34.75 162.0
-22.5 37.0 158.0
-22.5 39.25 185.0
-22.5 41.5 149.0
-22.5 43.75 125.0
-22.5 46.0 151.0
-22.5 48.25 135.0
-22.5 50.5 105.0
-22.5 52.75 112.0
-22.5 55.0 114.0
-22.5 57.25 110.0
-22.5 59.5 111.0
-22.5 61.75 109.0
-22.5 64.0 141.0
-22.5 66.25 94.0
-22.5 68.5 91.0
-22.5 70.75 80.0
-22.5 73.0 103.0
-22.5 75.25 104.0
-22.5 77.5 90.0
-22.5 79.75 103.0
-22.5 82.0 101.0
-22.5 84.25 102.0
-22.5 86.5 108.0
-22.5 88.75 106.0
-22.5 91.0 117.0
-22.5 93.25 121.0
-22.5 95.5 111.0
-22.5 97.75 112.0
-22.5 100.0 52.0
-20.0 10.0 350.0
-20.0 12.25 290.0
-20.0 14.5 233.0
-20.0 16.75 229.0
-20.0 19.0 207.0
-20.0 21.25 205.0
-20.0 23.5 186.0
-20.0 25.75 193.0
-20.0 28.0 181.0
-20.0 30.25 184.0
-20.0 32.5 178.0
-20.0 34.75 163.0
-20.0 37.0 163.0
-20.0 39.25 160.0
-20.0 41.5 135.0
-20.0 43.75 136.0
-20.0 46.0 142.0
-20.0 48.25 124.0
-20.0 50.5 104.0
-20.0 52.75 112.0
-20.0 55.0 106.0
-20.0 57.25 113.0
-20.0 59.5 117.0
-20.0 61.75 141.0
-20.0 64.0 136.0
-20.0 66.25 84.0
-20.0 68.5 77.0
-20.0 70.75 86.0
-20.0 73.0 97.0
-20.0 75.25 91.0
-20.0 77.5 98.0
-20.0 79.75 104.0
-20.0 82.0 95.0
-20.0 84.25 115.0
-20.0 86.5 111.0
-20.0 88.75 108.0
-20.0 91.0 97.0
-20.0 93.25 123.0
-20.0 95.5 109.0
-20.0 97.75 108.0
-20.0 100.0 53.0
-17.5 10.0 328.0
-17.5 12.25 271.0
-17.5 14.5 211.0
-17.5 16.75 199.0
-17.5 19.0 191.0
-17.5 21.25 186.0
-17.5 23.5 180.0
-17.5 25.75 163.0
-17.5 28.0 147.0
-17.5 30.25 162.0
-17.5 32.5 153.0
-17.5 34.75 141.0
-17.5 37.0 137.0
-17.5 39.25 151.0
-17.5 41.5 134.0
-17.5 43.75 127.0
-17.5 46.0 141.0
-17.5 48.25 122.0
-17.5 50.5 97.0
-17.5 52.75 101.0
-17.5 55.0 112.0
-17.5 57.25 106.0
-17.5 59.5 122.0
-17.5 61.75 120.0
-17.5 64.0 135.0
-17.5 66.25 79.0
-17.5 68.5 84.0
-17.5 70.75 84.0
-17.5 73.0 91.0
-17.5 75.25 86.0
-17.5 77.5 86.0
-17.5 79.75 98.0
-17.5 82.0 94.0
-17.5 84.25 103.0
-17.5 86.5 97.0
-17.5 88.75 113.0
-17.5 91.0 107.0
-17.5 93.25 110.0
-17.5 95.5 100.0
-17.5 97.75 100.0
-17.5 100.0 53.0
-15.0 10.0 320.0
-15.0 12.25 281.0
-15.0 14.5 199.0
-15.0 16.75 221.0
-15.0 19.0 192.0
-15.0 21.25 190.0
-15.0 23.5 172.0
-15.0 25.75 173.0
-15.0 28.0 173.0
-15.0 30.25 145.0
-15.0 32.5 172.0
-15.0 34.75 153.0
-15.0 37.0 138.0
-15.0 39.25 164.0
-15.0 41.5 128.0
-15.0 43.75 116.0
-15.0 46.0 131.0
-15.0 48.25 131.0
-15.0 50.5 100.0
-15.0 52.75 104.0
-15.0 55.0 111.0
-15.0 57.25 97.0
-15.0 59.5 119.0
-15.0 61.75 114.0
-15.0 64.0 118.0
-15.0 66.25 75.0
-15.0 68.5 86.0
-15.0 70.75 89.0
-15.0 73.0 85.0
-15.0 75.25 86.0
-15.0 77.5 85.0
-15.0 79.75 100.0
-15.0 82.0 98.0
-15.0 84.25 98.0
-15.0 86.5 106.0
-15.0 88.75 111.0
-15.0 91.0 96.0
-15.0 93.25 108.0
-15.0 95.5 108.0
-15.0 97.75 110.0
-15.0 100.0 54.0
-12.5 10.0 270.0
-12.5 12.25 239.0
-12.5 14.5 182.0
-12.5 16.75 188.0
-12.5 19.0 156.0
-12.5 21.25 189.0
-12.5 23.5 145.0
-12.5 25.75 138.0
-12.5 28.0 133.0
-12.5 30.25 152.0
-12.5 32.5 149.0
-12.5 34.75 130.0
-12.5 37.0 134.0
-12.5 39.25 150.0
-12.5 41.5 118.0
-12.5 43.75 110.0
-12.5 46.0 127.0
-12.5 48.25 116.0
-12.5 50.5 93.0
-12.5 52.75 95.0
-12.5 55.0 94.0
-12.5 57.25 106.0
-12.5 59.5 105.0
-12.5 61.75 111.0
-12.5 64.0 110.0
-12.5 66.25 78.0
-12.5 68.5 88.0
-12.5 70.75 86.0
-12.5 73.0 82.0
-12.5 75.25 86.0
-12.5 77.5 89.0
-12.5 79.75 84.0
-12.5 82.0 84.0
-12.5 84.25 87.0
-12.5 86.5 99.0
-12.5 88.75 103.0
-12.5 91.0 100.0
-12.5 93.25 102.0
-12.5 95.5 98.0
-12.5 97.75 95.0
-12.5 100.0 49.0
-10.0 10.0 269.0
-10.0 12.25 225.0
-10.0 14.5 183.0
-10.0 16.75 171.0
-10.0 19.0 157.0
-10.0 21.25 172.0
-10.0 23.5 162.0
-10.0 25.75 151.0
-10.0 28.0 157.0
-10.0 30.25 151.0
-10.0 32.5 143.0
-10.0 34.75 141.0
-10.0 37.0 131.0
-10.0 39.25 131.0
-10.0 41.5 126.0
-10.0 43.75 119.0
-10.0 46.0 122.0
-10.0 48.25 114.0
-10.0 50.5 95.0
-10.0 52.75 102.0
-10.0 55.0 100.0
-10.0 57.25 101.0
-10.0 59.5 103.0
-10.0 61.75 109.0
-10.0 64.0 116.0
-10.0 66.25 79.0
-10.0 68.5 85.0
-10.0 70.75 85.0
-10.0 73.0 71.0
-10.0 75.25 85.0
-10.0 77.5 83.0
-10.0 79.75 93.0
-10.0 82.0 91.0
-10.0 84.25 92.0
-10.0 86.5 85.0
-10.0 88.75 95.0
-10.0 91.0 97.0
-10.0 93.25 102.0
-10.0 95.5 96.0
-10.0 97.75 102.0
-10.0 100.0 50.0
-7.5 10.0 228.0
-7.5 12.25 193.0
-7.5 14.5 155.0
-7.5 16.75 165.0
-7.5 19.0 150.0
-7.5 21.25 148.0
-7.5 23.5 135.0
-7.5 25.75 124.0
-7.5 28.0 129.0
-7.5 30.25 129.0
-7.5 32.5 129.0
-7.5 34.75 108.0
-7.5 37.0 128.0
-7.5 39.25 137.0
-7.5 41.5 109.0
-7.5 43.75 115.0
-7.5 46.0 113.0
-7.5 48.25 106.0
-7.5 50.5 84.0
-7.5 52.75 82.0
-7.5 55.0 98.0
-7.5 57.25 102.0
-7.5 59.5 105.0
-7.5 61.75 99.0
-7.5 64.0 113.0
-7.5 66.25 74.0
-7.5 68.5 71.0
-7.5 70.75 79.0
-7.5 73.0 83.0
-7.5 75.25 87.0
-7.5 77.5 81.0
-7.5 79.75 91.0
-7.5 82.0 89.0
-7.5 84.25 86.0
-7.5 86.5 97.0
-7.5 88.75 101.0
-7.5 91.0 88.0
-7.5 93.25 101.0
-7.5 95.5 88.0
-7.5 97.75 105.0
-7.5 100.0 48.0
-5.0 10.0 218.0
-5.0 12.25 186.0
-5.0 14.5 167.0
-5.0 16.75 153.0
-5.0 19.0 141.0
-5.0 21.25 158.0
-5.0 23.5 126.0
-5.0 25.75 125.0
-5.0 28.0 132.0
-5.0 30.25 141.0
-5.0 32.5 137.0
-5.0 34.75 120.0
-5.0 37.0 122.0
-5.0 39.25 143.0
-5.0 41.5 110.0
-5.0 43.75 115.0
-5.0 46.0 112.0
-5.0 48.25 110.0
-5.0 50.5 97.0
-5.0 52.75 86.0
-5.0 55.0 85.0
-5.0 57.25 105.0
-5.0 59.5 92.0
-5.0 61.75 103.0
-5.0 64.0 115.0
-5.0 66.25 70.0
-5.0 68.5 64.0
-5.0 70.75 65.0
-5.0 73.0 68.0
-5.0 75.25 81.0
-5.0 77.5 74.0
-5.0 79.75 91.0
-5.0 82.0 79.0
-5.0 84.25 84.0
-5.0 86.5 96.0
-5.0 88.75 85.0
-5.0 91.0 95.0
-5.0 93.25 90.0
-5.0 95.5 100.0
-5.0 97.75 93.0
-5.0 100.0 42.0
-2.5 10.0 170.0
-2.5 12.25 149.0
-2.5 14.5 130.0
-2.5 16.75 131.0
-2.5 19.0 112.0
-2.5 21.25 123.0
-2.5 23.5 104.0
-2.5 25.75 124.0
-2.5 28.0 105.0
-2.5 30.25 116.0
-2.5 32.5 110.0
-2.5 34.75 101.0
-2.5 37.0 106.0
-2.5 39.25 116.0
-2.5 41.5 93.0
-2.5 43.75 92.0
-2.5 46.0 113.0
-2.5 48.25 98.0
-2.5 50.5 71.0
-2.5 52.75 78.0
-2.5 55.0 84.0
-2.5 57.25 77.0
-2.5 59.5 100.0
-2.5 61.75 99.0
-2.5 64.0 95.0
-2.5 66.25 75.0
-2.5 68.5 66.0
-2.5 70.75 73.0
-2.5 73.0 69.0
-2.5 75.25 80.0
-2.5 77.5 77.0
-2.5 79.75 84.0
-2.5 82.0 83.0
-2.5 84.25 86.0
-2.5 86.5 92.0
-2.5 88.75 101.0
-2.5 91.0 97.0
-2.5 93.25 89.0
-2.5 95.5 98.0
-2.5 97.75 91.0
-2.5 100.0 49.0
0.0 10.0 181.0
0.0 12.25 162.0
0.0 14.5 129.0
0.0 16.75 140.0
0.0 19.0 122.0
0.0 21.25 133.0
0.0 23.5 115.0
0.0 25.75 122.0
0.0 28.0 119.0
0.0 30.25 130.0
0.0 32.5 103.0
0.0 34.75 108.0
0.0 37.0 104.0
0.0 39.25 121.0
0.0 41.5 92.0
0.0 43.75 98.0
0.0 46.0 99.0
0.0 48.25 97.0
0.0 50.5 79.0
0.0 52.75 80.0
0.0 55.0 92.0
0.0 57.25 81.0
0.0 59.5 94.0
0.0 61.75 82.0
0.0 64.0 110.0
0.0 66.25 65.0
0.0 68.5 63.0
0.0 70.75 75.0
0.0 73.0 65.0
0.0 75.25 86.0
0.0 77.5 70.0
0.0 79.75 81.0
0.0 82.0 71.0
0.0 84.25 89.0
0.0 86.5 95.0
0.0 88.75 83.0
0.0 91.0 86.0
0.0 93.25 88.0
0.0 95.5 91.0
0.0 97.75 86.0
0.0 100.0 49.0
2.5 10.0 180.0
2.5 12.25 147.0
2.5 14.5 125.0
2.5 16.75 136.0
2.5 19.0 120.0
2.5 21.25 125.0
2.5 23.5 118.0
2.5 25.75 111.0
2.5 28.0 127.0
2.5 30.25 119.0
2.5 32.5 116.0
2.5 34.75 119.0
2.5 37.0 118.0
2.5 39.25 133.0
2.5 41.5 87.0
2.5 43.75 91.0
2.5 46.0 103.0
2.5 48.25 94.0
2.5 50.5 75.0
2.5 52.75 86.0
2.5 55.0 82.0
2.5 57.25 85.0
2.5 59.5 96.0
2.5 61.75 96.0
2.5 64.0 99.0
2.5 66.25 68.0
2.5 68.5 61.0
2.5 70.75 75.0
2.5 73.0 84.0
2.5 75.25 70.0
2.5 77.5 83.0
2.5 79.75 87.0
2.5 82.0 83.0
2.5 84.25 99.0
2.5 86.5 87.0
2.5 88.75 92.0
2.5 91.0 88.0
2.5 93.25 95.0
2.5 95.5 94.0
2.5 97.75 84.0
2.5 100.0 46.0
5.0 10.0 129.0
5.0 12.25 156.0
5.0 14.5 119.0
5.0 16.75 128.0
5.0 19.0 121.0
5.0 21.25 125.0
5.0 23.5 115.0
5.0 25.75 99.0
5.0 28.0 117.0
5.0 30.25 110.0
5.0 32.5 125.0
5.0 34.75 94.0
5.0 37.0 116.0
5.0 39.25 115.0
5.0 41.5 95.0
5.0 43.75 100.0
5.0 46.0 107.0
5.0 48.25 109.0
5.0 50.5 81.0
5.0 52.75 79.0
5.0 55.0 77.0
5.0 57.25 89.0
5.0 59.5 88.0
5.0 61.75 92.0
5.0 64.0 90.0
5.0 66.25 63.0
5.0 68.5 66.0
5.0 70.75 68.0
5.0 73.0 78.0
5.0 75.25 69.0
5.0 77.5 73.0
5.0 79.75 82.0
5.0 82.0 86.0
5.0 84.25 82.0
5.0 86.5 75.0
5.0 88.75 91.0
5.0 91.0 92.0
5.0 93.25 86.0
5.0 95.5 82.0
5.0 97.75 91.0
5.0 100.0 40.0
7.5 10.0 140.0
7.5 12.25 125.0
7.5 14.5 91.0
7.5 16.75 106.0
7.5 19.0 100.0
7.5 21.25 105.0
7.5 23.5 98.0
7.5 25.75 99.0
7.5 28.0 97.0
7.5 30.25 102.0
7.5 32.5 89.0
7.5 34.75 97.0
7.5 37.0 103.0
7.5 39.25 112.0
7.5 41.5 86.0
7.5 43.75 95.0
7.5 46.0 85.0
7.5 48.25 78.0
7.5 50.5 68.0
7.5 52.75 67.0
7.5 55.0 72.0
7.5 57.25 82.0
7.5 59.5 76.0
7.5 61.75 85.0
7.5 64.0 95.0
7.5 66.25 56.0
7.5 68.5 52.0
7.5 70.75 59.0
7.5 73.0 64.0
7.5 75.25 73.0
7.5 77.5 76.0
7.5 79.75 74.0
7.5 82.0 81.0
7.5 84.25 74.0
7.5 86.5 78.0
7.5 88.75 90.0
7.5 91.0 85.0
7.5 93.25 85.0
7.5 95.5 91.0
7.5 97.75 88.0
7.5 100.0 48.0
10.0 10.0 95.0
10.0 12.25 120.0
10.0 14.5 79.0
10.0 16.75 105.0
10.0 19.0 76.0
10.0 21.25 115.0
10.0 23.5 98.0
10.0 25.75 83.0
10.0 28.0 109.0
10.0 30.25 83.0
10.0 32.5 100.0
10.0 34.75 87.0
10.0 37.0 93.0
10.0 39.25 95.0
10.0 41.5 86.0
10.0 43.75 83.0
10.0 46.0 83.0
10.0 48.25 83.0
10.0 50.5 61.0
10.0 52.75 74.0
10.0 55.0 72.0
10.0 57.25 79.0
10.0 59.5 80.0
10.0 61.75 78.0
10.0 64.0 75.0
10.0 66.25 67.0
10.0 68.5 61.0
10.0 70.75 62.0
10.0 73.0 64.0
10.0 75.25 61.0
10.0 77.5 72.0
10.0 79.75 73.0
10.0 82.0 67.0
10.0 84.25 79.0
10.0 86.5 82.0
10.0 88.75 83.0
10.0 91.0 85.0
10.0 93.25 89.0
10.0 95.5 86.0
10.0 97.75 84.0
10.0 100.0 44.0
12.5 10.0 130.0
12.5 12.25 119.0
12.5 14.5 100.0
12.5 16.75 79.0
12.5 19.0 71.0
12.5 21.25 84.0
12.5 23.5 79.0
12.5 25.75 99.0
12.5 28.0 80.0
12.5 30.25 92.0
12.5 32.5 83.0
12.5 34.75 83.0
12.5 37.0 87.0
12.5 39.25 109.0
12.5 41.5 79.0
12.5 43.75 76.0
12.5 46.0 92.0
12.5 48.25 74.0
12.5 50.5 64.0
12.5 52.75 70.0
12.5 55.0 68.0
12.5 57.25 69.0
12.5 59.5 86.0
12.5 61.75 80.0
12.5 64.0 81.0
12.5 66.25 53.0
12.5 68.5 50.0
12.5 70.75 64.0
12.5 73.0 62.0
12.5 75.25 72.0
12.5 77.5 70.0
12.5 79.75 75.0
12.5 82.0 71.0
12.5 84.25 82.0
12.5 86.5 80.0
12.5 88.75 90.0
12.5 91.0 83.0
12.5 93.25 73.0
12.5 95.5 89.0
12.5 97.75 74.0
12.5 100.0 42.0
15.0 10.0 142.0
15.0 12.25 101.0
15.0 14.5 93.0
15.0 16.75 86.0
15.0 19.0 72.0
15.0 21.25 89.0
15.0 23.5 76.0
15.0 25.75 74.0
15.0 28.0 85.0
15.0 30.25 80.0
15.0 32.5 83.0
15.0 34.75 71.0
15.0 37.0 85.0
15.0 39.25 86.0
15.0 41.5 83.0
15.0 43.75 78.0
15.0 46.0 83.0
15.0 48.25 80.0
15.0 50.5 54.0
15.0 52.75 71.0
15.0 55.0 64.0
15.0 57.25 66.0
15.0 59.5 65.0
15.0 61.75 73.0
15.0 64.0 73.0
15.0 66.25 53.0
15.0 68.5 58.0
15.0 70.75 63.0
15.0 73.0 61.0
15.0 75.25 56.0
15.0 77.5 57.0
15.0 79.75 67.0
15.0 82.0 72.0
15.0 84.25 68.0
15.0 86.5 79.0
15.0 88.75 89.0
15.0 91.0 69.0
15.0 93.25 67.0
15.0 95.5 76.0
15.0 97.75 74.0
15.0 100.0 43.0
17.5 10.0 186.0
17.5 12.25 112.0
17.5 14.5 87.0
17.5 16.75 84.0
17.5 19.0 79.0
17.5 21.25 67.0
17.5 23.5 50.0
17.5 25.75 71.0
17.5 28.0 72.0
17.5 30.25 81.0
17.5 32.5 72.0
17.5 34.75 74.0
17.5 37.0 71.0
17.5 39.25 80.0
17.5 41.5 71.0
17.5 43.75 64.0
17.5 46.0 82.0
17.5 48.25 69.0
17.5 50.5 55.0
17.5 52.75 61.0
17.5 55.0 64.0
17.5 57.25 65.0
17.5 59.5 62.0
17.5 61.75 73.0
17.5 64.0 90.0
17.5 66.25 53.0
17.5 68.5 56.0
17.5 70.75 58.0
17.5 73.0 60.0
17.5 75.25 64.0
17.5 77.5 69.0
17.5 79.75 70.0
17.5 82.0 68.0
17.5 84.25 81.0
17.5 86.5 64.0
17.5 88.75 82.0
17.5 91.0 75.0
17.5 93.25 79.0
17.5 95.5 86.0
17.5 97.75 79.0
17.5 100.0 47.0
20.0 10.0 199.0
20.0 12.25 154.0
20.0 14.5 115.0
20.0 16.75 80.0
20.0 19.0 69.0
20.0 21.25 63.0
20.0 23.5 57.0
20.0 25.75 53.0
20.0 28.0 69.0
20.0 30.25 64.0
20.0 32.5 64.0
20.0 34.75 65.0
20.0 37.0 59.0
20.0 39.25 65.0
20.0 41.5 67.0
20.0 43.75 68.0
20.0 46.0 61.0
20.0 48.25 68.0
20.0 50.5 49.0
20.0 52.75 55.0
20.0 55.0 56.0
20.0 57.25 71.0
20.0 59.5 62.0
20.0 61.75 66.0
20.0 64.0 76.0
20.0 66.25 39.0
20.0 68.5 48.0
20.0 70.75 49.0
20.0 73.0 63.0
20.0 75.25 58.0
20.0 77.5 56.0
20.0 79.75 55.0
20.0 82.0 67.0
20.0 84.25 73.0
20.0 86.5 74.0
20.0 88.75 76.0
20.0 91.0 81.0
20.0 93.25 66.0
20.0 95.5 70.0
20.0 97.75 73.0
20.0 100.0 36.0
22.5 10.0 215.0
22.5 12.25 145.0
22.5 14.5 126.0
22.5 16.75 82.0
22.5 19.0 70.0
22.5 21.25 73.0
22.5 23.5 65.0
22.5 25.75 43.0
22.5 28.0 46.0
22.5 30.25 59.0
22.5 32.5 61.0
22.5 34.75 61.0
22.5 37.0 58.0
22.5 39.25 71.0
22.5 41.5 62.0
22.5 43.75 63.0
22.5 46.0 70.0
22.5 48.25 58.0
22.5 50.5 47.0
22.5 52.75 59.0
22.5 55.0 63.0
22.5 57.25 64.0
22.5 59.5 61.0
22.5 61.75 60.0
22.5 64.0 71.0
22.5 66.25 39.0
22.5 68.5 49.0
22.5 70.75 59.0
22.5 73.0 56.0
22.5 75.25 53.0
22.5 77.5 58.0
22.5 79.75 68.0
22.5 82.0 58.0
22.5 84.25 67.0
22.5 86.5 76.0
22.5 88.75 74.0
22.5 91.0 63.0
22.5 93.25 77.0
22.5 95.5 78.0
22.5 97.75 66.0
22.5 100.0 40.0
25.0 10.0 228.0
25.0 12.25 191.0
25.0 14.5 150.0
25.0 16.75 110.0
25.0 19.0 91.0
25.0 21.25 60.0
25.0 23.5 58.0
25.0 25.75 44.0
25.0 28.0 50.0
25.0 30.25 46.0
25.0 32.5 58.0
25.0 34.75 55.0
25.0 37.0 60.0
25.0 39.25 63.0
25.0 41.5 56.0
25.0 43.75 51.0
25.0 46.0 59.0
25.0 48.25 56.0
25.0 50.5 36.0
25.0 52.75 53.0
25.0 55.0 50.0
25.0 57.25 55.0
25.0 59.5 54.0
25.0 61.75 58.0
25.0 64.0 69.0
25.0 66.25 39.0
25.0 68.5 37.0
25.0 70.75 43.0
25.0 73.0 57.0
25.0 75.25 52.0
25.0 77.5 60.0
25.0 79.75 61.0
25.0 82.0 59.0
25.0 84.25 53.0
25.0 86.5 62.0
25.0 88.75 61.0
25.0 91.0 63.0
25.0 93.25 74.0
25.0 95.5 66.0
25.0 97.75 72.0
25.0 100.0 34.0
27.5 10.0 261.0
27.5 12.25 181.0
27.5 14.5 164.0
27.5 16.75 109.0
27.5 19.0 95.0
27.5 21.25 89.0
27.5 23.5 56.0
27.5 25.75 54.0
27.5 28.0 53.0
27.5 30.25 35.0
27.5 32.5 44.0
27.5 34.75 52.0
27.5 37.0 51.0
27.5 39.25 59.0
27.5 41.5 48.0
27.5 43.75 45.0
27.5 46.0 61.0
27.5 48.25 53.0
27.5 50.5 37.0
27.5 52.75 43.0
27.5 55.0 55.0
27.5 57.25 49.0
27.5 59.5 48.0
27.5 61.75 56.0
27.5 64.0 62.0
27.5 66.25 40.0
27.5 68.5 53.0
27.5 70.75 55.0
27.5 73.0 38.0
27.5 75.25 53.0
27.5 77.5 57.0
27.5 79.75 56.0
27.5 82.0 67.0
27.5 84.25 67.0
27.5 86.5 63.0
27.5 88.75 69.0
27.5 91.0 67.0
27.5 93.25 70.0
27.5 95.5 70.0
27.5 97.75 67.0
27.5 100.0 28.0
30.0 10.0 249.0
30.0 12.25 241.0
30.0 14.5 202.0
30.0 16.75 134.0
30.0 19.0 107.0
30.0 21.25 83.0
30.0 23.5 83.0
30.0 25.75 47.0
30.0 28.0 54.0
30.0 30.25 35.0
30.0 32.5 45.0
30.0 34.75 39.0
30.0 37.0 46.0
30.0 39.25 49.0
30.0 41.5 54.0
30.0 43.75 46.0
30.0 46.0 53.0
30.0 48.25 47.0
30.0 50.5 35.0
30.0 52.75 49.0
30.0 55.0 45.0
30.0 57.25 45.0
30.0 59.5 53.0
30.0 61.75 55.0
30.0 64.0 57.0
30.0 66.25 36.0
30.0 68.5 40.0
30.0 70.75 31.0
30.0 73.0 49.0
30.0 75.25 50.0
30.0 77.5 57.0
30.0 79.75 48.0
30.0 82.0 53.0
30.0 84.25 62.0
30.0 86.5 53.0
30.0 88.75 62.0
30.0 91.0 61.0
30.0 93.25 60.0
30.0 95.5 56.0
30.0 97.75 55.0
30.0 100.0 27.0
32.5 10.0 300.0
32.5 12.25 234.0
32.5 14.5 191.0
32.5 16.75 138.0
32.5 19.0 122.0
32.5 21.25 90.0
32.5 23.5 88.0
32.5 25.75 66.0
32.5 28.0 53.0
32.5 30.25 42.0
32.5 32.5 26.0
32.5 34.75 38.0
32.5 37.0 32.0
32.5 39.25 43.0
32.5 41.5 39.0
32.5 43.75 33.0
32.5 46.0 45.0
32.5 48.25 42.0
32.5 50.5 44.0
32.5 52.75 46.0
32.5 55.0 52.0
32.5 57.25 40.0
32.5 59.5 58.0
32.5 61.75 58.0
32.5 64.0 54.0
32.5 66.25 39.0
32.5 68.5 39.0
32.5 70.75 42.0
32.5 73.0 41.0
32.5 75.25 45.0
32.5 77.5 47.0
32.5 79.75 57.0
32.5 82.0 57.0
32.5 84.25 61.0
32.5 86.5 62.0
32.5 88.75 54.0
32.5 91.0 59.0
32.5 93.25 63.0
32.5 95.5 58.0
32.5 97.75 60.0
32.5 100.0 36.0
35.0 10.0 337.0
35.0 12.25 263.0
35.0 14.5 207.0
35.0 16.75 160.0
35.0 19.0 148.0
35.0 21.25 109.0
35.0 23.5 97.0
35.0 25.75 66.0
35.0 28.0 73.0
35.0 30.25 44.0
35.0 32.5 39.0
35.0 34.75 35.0
35.0 37.0 36.0
35.0 39.25 43.0
35.0 41.5 29.0
35.0 43.75 38.0
35.0 46.0 38.0
35.0 48.25 46.0
35.0 50.5 34.0
35.0 52.75 47.0
35.0 55.0 46.0
35.0 57.25 41.0
35.0 59.5 54.0
35.0 61.75 57.0
35.0 64.0 47.0
35.0 66.25 35.0
35.0 68.5 37.0
35.0 70.75 34.0
35.0 73.0 40.0
35.0 75.25 46.0
35.0 77.5 54.0
35.0 79.75 50.0
35.0 82.0 48.0
35.0 84.25 54.0
35.0 86.5 50.0
35.0 88.75 54.0
35.0 91.0 54.0
35.0 93.25 58.0
35.0 95.5 64.0
35.0 97.75 58.0
35.0 100.0 33.0
37.5 10.0 374.0
37.5 12.25 271.0
37.5 14.5 219.0
37.5 16.75 147.0
37.5 19.0 150.0
37.5 21.25 101.0
37.5 23.5 98.0
37.5 25.75 76.0
37.5 28.0 62.0
37.5 30.25 53.0
37.5 32.5 43.0
37.5 34.75 36.0
37.5 37.0 39.0
37.5 39.25 35.0
37.5 41.5 31.0
37.5 43.75 29.0
37.5 46.0 38.0
37.5 48.25 33.0
37.5 50.5 38.0
37.5 52.75 34.0
37.5 55.0 42.0
37.5 57.25 46.0
37.5 59.5 58.0
37.5 61.75 50.0
37.5 64.0 48.0
37.5 66.25 34.0
37.5 68.5 31.0
37.5 70.75 41.0
37.5 73.0 34.0
37.5 75.25 50.0
37.5 77.5 37.0
37.5 79.75 56.0
37.5 82.0 51.0
37.5 84.25 47.0
37.5 86.5 55.0
37.5 88.75 61.0
37.5 91.0 53.0
37.5 93.25 66.0
37.5 95.5 57.0
37.5 97.75 61.0
37.5 100.0 31.0
40.0 10.0 361.0
40.0 12.25 326.0
40.0 14.5 250.0
40.0 16.75 165.0
40.0 19.0 168.0
40.0 21.25 112.0
40.0 23.5 124.0
40.0 25.75 81.0
40.0 28.0 78.0
40.0 30.25 66.0
40.0 32.5 61.0
40.0 34.75 29.0
40.0 37.0 38.0
40.0 39.25 32.0
40.0 41.5 27.0
40.0 43.75 30.0
40.0 46.0 36.0
40.0 48.25 42.0
40.0 50.5 31.0
40.0 52.75 35.0
40.0 55.0 43.0
40.0 57.25 43.0
40.0 59.5 47.0
40.0 61.75 44.0
40.0 64.0 51.0
40.0 66.25 29.0
40.0 68.5 34.0
40.0 70.75 30.0
40.0 73.0 41.0
40.0 75.25 42.0
40.0 77.5 43.0
40.0 79.75 43.0
40.0 82.0 40.0
40.0 84.25 46.0
40.0 86.5 54.0
40.0 88.75 59.0
40.0 91.0 54.0
40.0 93.25 55.0
40.0 95.5 55.0
40.0 97.75 59.0
40.0 100.0 31.0
42.5 10.0 416.0
42.5 12.25 307.0
42.5 14.5 235.0
42.5 16.75 196.0
42.5 19.0 178.0
42.5 21.25 134.0
42.5 23.5 115.0
42.5 25.75 112.0
42.5 28.0 84.0
42.5 30.25 68.0
42.5 32.5 64.0
42.5 34.75 49.0
42.5 37.0 33.0
42.5 39.25 26.0
42.5 41.5 31.0
42.5 43.75 27.0
42.5 46.0 27.0
42.5 48.25 24.0
42.5 50.5 29.0
42.5 52.75 36.0
42.5 55.0 33.0
42.5 57.25 36.0
42.5 59.5 42.0
42.5 61.75 40.0
42.5 64.0 40.0
42.5 66.25 32.0
42.5 68.5 23.0
42.5 70.75 32.0
42.5 73.0 27.0
42.5 75.25 31.0
42.5 77.5 38.0
42.5 79.75 45.0
42.5 82.0 44.0
42.5 84.25 48.0
42.5 86.5 51.0
42.5 88.75 53.0
42.5 91.0 47.0
42.5 93.25 58.0
42.5 95.5 47.0
42.5 97.75 54.0
42.5 100.0 26.0
45.0 10.0 410.0
45.0 12.25 353.0
45.0 14.5 292.0
45.0 16.75 212.0
45.0 19.0 191.0
45.0 21.25 143.0
45.0 23.5 130.0
45.0 25.75 100.0
45.0 28.0 86.0
45.0 30.25 74.0
45.0 32.5 76.0
45.0 34.75 41.0
45.0 37.0 51.0
45.0 39.25 32.0
45.0 41.5 26.0
45.0 43.75 34.0
45.0 46.0 19.0
45.0 48.25 29.0
45.0 50.5 21.0
45.0 52.75 27.0
45.0 55.0 28.0
45.0 57.25 39.0
45.0 59.5 35.0
45.0 61.75 34.0
45.0 64.0 36.0
45.0 66.25 22.0
45.0 68.5 31.0
45.0 70.75 24.0
45.0 73.0 33.0
45.0 75.25 35.0
45.0 77.5 41.0
45.0 79.75 37.0
45.0 82.0 43.0
45.0 84.25 44.0
45.0 86.5 41.0
45.0 88.75 43.0
45.0 91.0 46.0
45.0 93.25 45.0
45.0 95.5 47.0
45.0 97.75 41.0
45.0 100.0 23.0
47.5 10.0 402.0
47.5 12.25 330.0
47.5 14.5 255.0
47.5 16.75 180.0
47.5 19.0 162.0
47.5 21.25 135.0
47.5 23.5 104.0
47.5 25.75 110.0
47.5 28.0 83.0
47.5 30.25 74.0
47.5 32.5 76.0
47.5 34.75 66.0
47.5 37.0 53.0
47.5 39.25 49.0
47.5 41.5 27.0
47.5 43.75 27.0
47.5 46.0 32.0
47.5 48.25 20.0
47.5 50.5 22.0
47.5 52.75 23.0
47.5 55.0 32.0
47.5 57.25 31.0
47.5 59.5 40.0
47.5 61.75 35.0
47.5 64.0 43.0
47.5 66.25 26.0
47.5 68.5 23.0
47.5 70.75 42.0
47.5 73.0 34.0
47.5 75.25 44.0
47.5 77.5 39.0
47.5 79.75 43.0
47.5 82.0 44.0
47.5 84.25 52.0
47.5 86.5 51.0
47.5 88.75 56.0
47.5 91.0 54.0
47.5 93.25 58.0
47.5 95.5 51.0
47.5 97.75 60.0
47.5 100.0 33.0
50.0 10.0 405.0
50.0 12.25 367.0
50.0 14.5 285.0
50.0 16.75 202.0
50.0 19.0 185.0
50.0 21.25 150.0
50.0 23.5 129.0
50.0 25.75 104.0
50.0 28.0 108.0
50.0 30.25 66.0
50.0 32.5 89.0
50.0 34.75 58.0
50.0 37.0 53.0
50.0 39.25 47.0
50.0 41.5 37.0
50.0 43.75 38.0
50.0 46.0 26.0
50.0 48.25 26.0
50.0 50.5 23.0
50.0 52.75 20.0
50.0 55.0 21.0
50.0 57.25 27.0
50.0 59.5 30.0
50.0 61.75 25.0
50.0 64.0 37.0
50.0 66.25 22.0
50.0 68.5 27.0
50.0 70.75 30.0
50.0 73.0 42.0
50.0 75.25 33.0
50.0 77.5 39.0
50.0 79.75 39.0
50.0 82.0 34.0
50.0 84.25 46.0
50.0 86.5 51.0
50.0 88.75 51.0
50.0 91.0 49.0
50.0 93.25 49.0
50.0 95.5 45.0
50.0 97.75 48.0
50.0 100.0 29.0
