-50.0 10.0 202.0
-50.0 12.25 176.0
-50.0 14.5 115.0
-50.0 16.75 115.0
-50.0 19.0 127.0
-50.0 21.25 106.0
-50.0 23.5 85.0
-50.0 25.75 94.0
-50.0 28.0 89.0
-50.0 30.25 72.0
-50.0 32.5 85.0
-50.0 34.75 72.0
-50.0 37.0 77.0
-50.0 39.25 72.0
-50.0 41.5 67.0
-50.0 43.75 57.0
-50.0 46.0 61.0
-50.0 48.25 67.0
-50.0 50.5 58.0
-50.0 52.75 48.0
-50.0 55.0 51.0
-50.0 57.25 42.0
-50.0 59.5 43.0
-50.0 61.75 51.0
-50.0 64.0 53.0
-50.0 66.25 32.0
-50.0 68.5 32.0
-50.0 70.75 39.0
-50.0 73.0 43.0
-50.0 75.25 39.0
-50.0 77.5 36.0
-50.0 79.75 46.0
-50.0 82.0 42.0
-50.0 84.25 58.0
-50.0 86.5 44.0
-50.0 88.75 57.0
-50.0 91.0 55.0
-50.0 93.25 44.0
-50.0 95.5 41.0
-50.0 97.75 35.0
-50.0 100.0 27.0
-47.5 10.0 199.0
-47.5 12.25 119.0
-47.5 14.5 132.0
-47.5 16.75 133.0
-47.5 19.0 105.0
-47.5 21.25 94.0
-47.5 23.5 97.0
-47.5 25.75 76.0
-47.5 28.0 79.0
-47.5 30.25 85.0
-47.5 32.5 65.0
-47.5 34.75 74.0
-47.5 37.0 67.0
-47.5 39.25 82.0
-47.5 41.5 61.0
-47.5 43.75 42.0
-47.5 46.0 67.0
-47.5 48.25 57.0
-47.5 50.5 48.0
-47.5 52.75 48.0
-47.5 55.0 46.0
-47.5 57.25 49.0
-47.5 59.5 44.0
-47.5 61.75 48.0
-47.5 64.0 58.0
-47.5 66.25 32.0
-47.5 68.5 33.0
-47.5 70.75 33.0
-47.5 73.0 29.0
-47.5 75.25 33.0
-47.5 77.5 40.0
-47.5 79.75 37.0
-47.5 82.0 43.0
-47.5 84.25 41.0
-47.5 86.5 55.0
-47.5 88.75 38.0
-47.5 91.0 46.0
-47.5 93.25 36.0
-47.5 95.5 43.0
-47.5 97.75 43.0
-47.5 100.0 22.0
-45.0 10.0 208.0
-45.0 12.25 170.0
-45.0 14.5 130.0
-45.0 16.75 149.0
-45.0 19.0 105.0
-45.0 21.25 113.0
-45.0 23.5 85.0
-45.0 25.75 103.0
-45.0 28.0 77.0
-45.0 30.25 86.0
-45.0 32.5 97.0
-45.0 34.75 76.0
-45.0 37.0 62.0
-45.0 39.25 78.0
-45.0 41.5 73.0
-45.0 43.75 72.0
-45.0 46.0 53.0
-45.0 48.25 63.0
-45.0 50.5 43.0
-45.0 52.75 46.0
-45.0 55.0 40.0
-45.0 57.25 55.0
-45.0 59.5 51.0
-45.0 61.75 57.0
-45.0 64.0 53.0
-45.0 66.25 39.0
-45.0 68.5 43.0
-45.0 70.75 40.0
-45.0 73.0 37.0
-45.0 75.25 42.0
-45.0 77.5 25.0
-45.0 79.75 46.0
-45.0 82.0 37.0
-45.0 84.25 38.0
-45.0 86.5 41.0
-45.0 88.75 38.0
-45.0 91.0 38.0
-45.0 93.25 45.0
-45.0 95.5 45.0
-45.0 97.75 41.0
-45.0 100.0 26.0
-42.5 10.0 171.0
-42.5 12.25 150.0
-42.5 14.5 122.0
-42.5 16.75 122.0
-42.5 19.0 106.0
-42.5 21.25 94.0
-42.5 23.5 88.0
-42.5 25.75 76.0
-42.5 28.0 78.0
-42.5 30.25 77.0
-42.5 32.5 69.0
-42.5 34.75 76.0
-42.5 37.0 66.0
-42.5 39.25 72.0
-42.5 41.5 63.0
-42.5 43.75 58.0
-42.5 46.0 61.0
-42.5 48.25 54.0
-42.5 50.5 45.0
-42.5 52.75 41.0
-42.5 55.0 51.0
-42.5 57.25 50.0
-42.5 59.5 42.0
-42.5 61.75 60.0
-42.5 64.0 51.0
-42.5 66.25 28.0
-42.5 68.5 41.0
-42.5 70.75 42.0
-42.5 73.0 40.0
-42.5 75.25 49.0
-42.5 77.5 30.0
-42.5 79.75 36.0
-42.5 82.0 47.0
-42.5 84.25 35.0
-42.5 86.5 49.0
-42.5 88.75 41.0
-42.5 91.0 53.0
-42.5 93.25 39.0
-42.5 95.5 44.0
-42.5 97.75 45.0
-42.5 100.0 26.0
-40.0 10.0 208.0
-40.0 12.25 152.0
-40.0 14.5 116.0
-40.0 16.75 100.0
-40.0 19.0 116.0
-40.0 21.25 101.0
-40.0 23.5 92.0
-40.0 25.75 73.0
-40.0 28.0 99.0
-40.0 30.25 82.0
-40.0 32.5 78.0
-40.0 34.75 73.0
-40.0 37.0 61.0
-40.0 39.25 70.0
-40.0 41.5 72.0
-40.0 43.75 60.0
-40.0 46.0 55.0
-40.0 48.25 70.0
-40.0 50.5 53.0
-40.0 52.75 52.0
-40.0 55.0 40.0
-40.0 57.25 50.0
-40.0 59.5 47.0
-40.0 61.75 45.0
-40.0 64.0 39.0
-40.0 66.25 39.0
-40.0 68.5 36.0
-40.0 70.75 39.0
-40.0 73.0 30.0
-40.0 75.25 37.0
-40.0 77.5 43.0
-40.0 79.75 37.0
-40.0 82.0 49.0
-40.0 84.25 46.0
-40.0 86.5 39.0
-40.0 88.75 54.0
-40.0 91.0 34.0
-40.0 93.25 44.0
-40.0 95.5 43.0
-40.0 97.75 38.0
-40.0 100.0 31.0
-37.5 10.0 172.0
-37.5 12.25 139.0
-37.5 14.5 112.0
-37.5 16.75 102.0
-37.5 19.0 88.0
-37.5 21.25 97.0
-37.5 23.5 95.0
-37.5 25.75 79.0
-37.5 28.0 83.0
-37.5 30.25 74.0
-37.5 32.5 69.0
-37.5 34.75 58.0
-37.5 37.0 68.0
-37.5 39.25 75.0
-37.5 41.5 49.0
-37.5 43.75 52.0
-37.5 46.0 62.0
-37.5 48.25 48.0
-37.5 50.5 59.0
-37.5 52.75 36.0
-37.5 55.0 50.0
-37.5 57.25 42.0
-37.5 59.5 41.0
-37.5 61.75 50.0
-37.5 64.0 58.0
-37.5 66.25 36.0
-37.5 68.5 34.0
-37.5 70.75 33.0
-37.5 73.0 33.0
-37.5 75.25 42.0
-37.5 77.5 37.0
-37.5 79.75 40.0
-37.5 82.0 43.0
-37.5 84.25 34.0
-37.5 86.5 47.0
-37.5 88.75 36.0
-37.5 91.0 44.0
-37.5 93.25 39.0
-37.5 95.5 42.0
-37.5 97.75 47.0
-37.5 100.0 20.0
-35.0 10.0 170.0
-35.0 12.25 136.0
-35.0 14.5 102.0
-35.0 16.75 108.0
-35.0 19.0 114.0
-35.0 21.25 79.0
-35.0 23.5 71.0
-35.0 25.75 65.0
-35.0 28.0 73.0
-35.0 30.25 87.0
-35.0 32.5 69.0
-35.0 34.75 72.0
-35.0 37.0 61.0
-35.0 39.25 80.0
-35.0 41.5 60.0
-35.0 43.75 53.0
-35.0 46.0 51.0
-35.0 48.25 59.0
-35.0 50.5 41.0
-35.0 52.75 54.0
-35.0 55.0 47.0
-35.0 57.25 46.0
-35.0 59.5 42.0
-35.0 61.75 38.0
-35.0 64.0 50.0
-35.0 66.25 29.0
-35.0 68.5 36.0
-35.0 70.75 35.0
-35.0 73.0 38.0
-35.0 75.25 35.0
-35.0 77.5 37.0
-35.0 79.75 30.0
-35.0 82.0 33.0
-35.0 84.25 43.0
-35.0 86.5 43.0
-35.0 88.75 45.0
-35.0 91.0 39.0
-35.0 93.25 43.0
-35.0 95.5 41.0
-35.0 97.75 36.0
-35.0 100.0 18.0
-32.5 10.0 145.0
-32.5 12.25 131.0
-32.5 14.5 107.0
-32.5 16.75 96.0
-32.5 19.0 76.0
-32.5 21.25 86.0
-32.5 23.5 74.0
-32.5 25.75 70.0
-32.5 28.0 69.0
-32.5 30.25 68.0
-32.5 32.5 58.0
-32.5 34.75 40.0
-32.5 37.0 66.0
-32.5 39.25 59.0
-32.5 41.5 45.0
-32.5 43.75 52.0
-32.5 46.0 62.0
-32.5 48.25 40.0
-32.5 50.5 51.0
-32.5 52.75 34.0
-32.5 55.0 44.0
-32.5 57.25 37.0
-32.5 59.5 58.0
-32.5 61.75 48.0
-32.5 64.0 52.0
-32.5 66.25 35.0
-32.5 68.5 31.0
-32.5 70.75 28.0
-32.5 73.0 39.0
-32.5 75.25 36.0
-32.5 77.5 33.0
-32.5 79.75 48.0
-32.5 82.0 31.0
-32.5 84.25 41.0
-32.5 86.5 39.0
-32.5 88.75 42.0
-32.5 91.0 49.0
-32.5 93.25 43.0
-32.5 95.5 34.0
-32.5 97.75 49.0
-32.5 100.0 21.0
-30.0 10.0 147.0
-30.0 12.25 116.0
-30.0 14.5 102.0
-30.0 16.75 98.0
-30.0 19.0 102.0
-30.0 21.25 67.0
-30.0 23.5 83.0
-30.0 25.75 81.0
-30.0 28.0 80.0
-30.0 30.25 61.0
-30.0 32.5 65.0
-30.0 34.75 55.0
-30.0 37.0 61.0
-30.0 39.25 60.0
-30.0 41.5 54.0
-30.0 43.75 46.0
-30.0 46.0 44.0
-30.0 48.25 49.0
-30.0 50.5 55.0
-30.0 52.75 41.0
-30.0 55.0 42.0
-30.0 57.25 40.0
-30.0 59.5 43.0
-30.0 61.75 49.0
-30.0 64.0 41.0
-30.0 66.25 30.0
-30.0 68.5 26.0
-30.0 70.75 43.0
-30.0 73.0 34.0
-30.0 75.25 37.0
-30.0 77.5 39.0
-30.0 79.75 33.0
-30.0 82.0 41.0
-30.0 84.25 32.0
-30.0 86.5 36.0
-30.0 88.75 44.0
-30.0 91.0 41.0
-30.0 93.25 37.0
-30.0 95.5 35.0
-30.0 97.75 51.0
-30.0 100.0 27.0
-27.5 10.0 134.0
-27.5 12.25 108.0
-27.5 14.5 98.0
-27.5 16.75 90.0
-27.5 19.0 83.0
-27.5 21.25 73.0
-27.5 23.5 81.0
-27.5 25.75 68.0
-27.5 28.0 65.0
-27.5 30.25 54.0
-27.5 32.5 66.0
-27.5 34.75 69.0
-27.5 37.0 52.0
-27.5 39.25 57.0
-27.5 41.5 47.0
-27.5 43.75 41.0
-27.5 46.0 57.0
-27.5 48.25 47.0
-27.5 50.5 45.0
-27.5 52.75 38.0
-27.5 55.0 39.0
-27.5 57.25 35.0
-27.5 59.5 37.0
-27.5 61.75 40.0
-27.5 64.0 49.0
-27.5 66.25 34.0
-27.5 68.5 41.0
-27.5 70.75 32.0
-27.5 73.0 33.0
-27.5 75.25 31.0
-27.5 77.5 37.0
-27.5 79.75 37.0
-27.5 82.0 39.0
-27.5 84.25 45.0
-27.5 86.5 41.0
-27.5 88.75 37.0
-27.5 91.0 34.0
-27.5 93.25 36.0
-27.5 95.5 44.0
-27.5 97.75 40.0
-27.5 100.0 22.0
-25.0 10.0 138.0
-25.0 12.25 123.0
-25.0 14.5 92.0
-25.0 16.75 90.0
-25.0 19.0 101.0
-25.0 21.25 73.0
-25.0 23.5 65.0
-25.0 25.75 67.0
-25.0 28.0 65.0
-25.0 30.25 59.0
-25.0 32.5 65.0
-25.0 34.75 67.0
-25.0 37.0 42.0
-25.0 39.25 59.0
-25.0 41.5 41.0
-25.0 43.75 62.0
-25.0 46.0 47.0
-25.0 48.25 49.0
-25.0 50.5 35.0
-25.0 52.75 28.0
-25.0 55.0 33.0
-25.0 57.25 47.0
-25.0 59.5 45.0
-25.0 61.75 43.0
-25.0 64.0 50.0
-25.0 66.25 30.0
-25.0 68.5 35.0
-25.0 70.75 31.0
-25.0 73.0 34.0
-25.0 75.25 36.0
-25.0 77.5 29.0
-25.0 79.75 39.0
-25.0 82.0 34.0
-25.0 84.25 39.0
-25.0 86.5 43.0
-25.0 88.75 35.0
-25.0 91.0 27.0
-25.0 93.25 35.0
-25.0 95.5 38.0
-25.0 97.75 40.0
-25.0 100.0 21.0
-22.5 10.0 132.0
-22.5 12.25 118.0
-22.5 14.5 71.0
-22.5 16.75 84.0
-22.5 19.0 79.0
-22.5 21.25 85.0
-22.5 23.5 62.0
-22.5 25.75 57.0
-22.5 28.0 66.0
-22.5 30.25 55.0
-22.5 32.5 64.0
-22.5 34.75 63.0
-22.5 37.0 56.0
-22.5 39.25 60.0
-22.5 41.5 50.0
-22.5 43.75 42.0
-22.5 46.0 52.0
-22.5 48.25 42.0
-22.5 50.5 41.0
-22.5 52.75 35.0
-22.5 55.0 34.0
-22.5 57.25 40.0
-22.5 59.5 39.0
-22.5 61.75 36.0
-22.5 64.0 41.0
-22.5 66.25 30.0
-22.5 68.5 38.0
-22.5 70.75 26.0
-22.5 73.0 33.0
-22.5 75.25 39.0
-22.5 77.5 37.0
-22.5 79.75 30.0
-22.5 82.0 34.0
-22.5 84.25 34.0
-22.5 86.5 44.0
-22.5 88.75 37.0
-22.5 91.0 39.0
-22.5 93.25 39.0
-22.5 95.5 34.0
-22.5 97.75 32.0
-22.5 100.0 22.0
-20.0 10.0 105.0
-20.0 12.25 107.0
-20.0 14.5 73.0
-20.0 16.75 92.0
-20.0 19.0 62.0
-20.0 21.25 61.0
-20.0 23.5 64.0
-20.0 25.75 66.0
-20.0 28.0 50.0
-20.0 30.25 51.0
-20.0 32.5 48.0
-20.0 34.75 60.0
-20.0 37.0 54.0
-20.0 39.25 45.0
-20.0 41.5 45.0
-20.0 43.75 50.0
-20.0 46.0 48.0
-20.0 48.25 46.0
-20.0 50.5 35.0
-20.0 52.75 32.0
-20.0 55.0 36.0
-20.0 57.25 38.0
-20.0 59.5 38.0
-20.0 61.75 39.0
-20.0 64.0 47.0
-20.0 66.25 32.0
-20.0 68.5 28.0
-20.0 70.75 26.0
-20.0 73.0 31.0
-20.0 75.25 33.0
-20.0 77.5 40.0
-20.0 79.75 34.0
-20.0 82.0 31.0
-20.0 84.25 38.0
-20.0 86.5 36.0
-20.0 88.75 36.0
-20.0 91.0 31.0
-20.0 93.25 30.0
-20.0 95.5 47.0
-20.0 97.75 33.0
-20.0 100.0 17.0
-17.5 10.0 84.0
-17.5 12.25 90.0
-17.5 14.5 69.0
-17.5 16.75 73.0
-17.5 19.0 66.0
-17.5 21.25 52.0
-17.5 23.5 60.0
-17.5 25.75 69.0
-17.5 28.0 59.0
-17.5 30.25 61.0
-17.5 32.5 49.0
-17.5 34.75 42.0
-17.5 37.0 57.0
-17.5 39.25 54.0
-17.5 41.5 38.0
-17.5 43.75 33.0
-17.5 46.0 37.0
-17.5 48.25 40.0
-17.5 50.5 25.0
-17.5 52.75 36.0
-17.5 55.0 33.0
-17.5 57.25 38.0
-17.5 59.5 36.0
-17.5 61.75 38.0
-17.5 64.0 39.0
-17.5 66.25 33.0
-17.5 68.5 21.0
-17.5 70.75 28.0
-17.5 73.0 30.0
-17.5 75.25 28.0
-17.5 77.5 30.0
-17.5 79.75 40.0
-17.5 82.0 37.0
-17.5 84.25 26.0
-17.5 86.5 37.0
-17.5 88.75 43.0
-17.5 91.0 30.0
-17.5 93.25 36.0
-17.5 95.5 33.0
-17.5 97.75 38.0
-17.5 100.0 24.0
-15.0 10.0 98.0
-15.0 12.25 89.0
-15.0 14.5 77.0
-15.0 16.75 62.0
-15.0 19.0 65.0
-15.0 21.25 68.0
-15.0 23.5 58.0
-15.0 25.75 53.0
-15.0 28.0 49.0
-15.0 30.25 67.0
-15.0 32.5 59.0
-15.0 34.75 44.0
-15.0 37.0 52.0
-15.0 39.25 45.0
-15.0 41.5 43.0
-15.0 43.75 48.0
-15.0 46.0 44.0
-15.0 48.25 44.0
-15.0 50.5 27.0
-15.0 52.75 31.0
-15.0 55.0 39.0
-15.0 57.25 38.0
-15.0 59.5 32.0
-15.0 61.75 38.0
-15.0 64.0 48.0
-15.0 66.25 25.0
-15.0 68.5 25.0
-15.0 70.75 30.0
-15.0 73.0 30.0
-15.0 75.25 34.0
-15.0 77.5 24.0
-15.0 79.75 25.0
-15.0 82.0 33.0
-15.0 84.25 39.0
-15.0 86.5 32.0
-15.0 88.75 37.0
-15.0 91.0 38.0
-15.0 93.25 28.0
-15.0 95.5 38.0
-15.0 97.75 41.0
-15.0 100.0 19.0
-12.5 10.0 103.0
-12.5 12.25 85.0
-12.5 14.5 63.0
-12.5 16.75 66.0
-12.5 19.0 57.0
-12.5 21.25 49.0
-12.5 23.5 52.0
-12.5 25.75 40.0
-12.5 28.0 58.0
-12.5 30.25 41.0
-12.5 32.5 47.0
-12.5 34.75 51.0
-12.5 37.0 41.0
-12.5 39.25 34.0
-12.5 41.5 36.0
-12.5 43.75 35.0
-12.5 46.0 48.0
-12.5 48.25 41.0
-12.5 50.5 30.0
-12.5 52.75 34.0
-12.5 55.0 35.0
-12.5 57.25 38.0
-12.5 59.5 38.0
-12.5 61.75 31.0
-12.5 64.0 41.0
-12.5 66.25 32.0
-12.5 68.5 24.0
-12.5 70.75 30.0
-12.5 73.0 24.0
-12.5 75.25 25.0
-12.5 77.5 29.0
-12.5 79.75 26.0
-12.5 82.0 29.0
-12.5 84.25 41.0
-12.5 86.5 31.0
-12.5 88.75 28.0
-12.5 91.0 32.0
-12.5 93.25 33.0
-12.5 95.5 36.0
-12.5 97.75 36.0
-12.5 100.0 16.0
-10.0 10.0 97.0
-10.0 12.25 73.0
-10.0 14.5 61.0
-10.0 16.75 41.0
-10.0 19.0 55.0
-10.0 21.25 51.0
-10.0 23.5 65.0
-10.0 25.75 48.0
-10.0 28.0 46.0
-10.0 30.25 56.0
-10.0 32.5 50.0
-10.0 34.75 36.0
-10.0 37.0 54.0
-10.0 39.25 39.0
-10.0 41.5 40.0
-10.0 43.75 42.0
-10.0 46.0 47.0
-10.0 48.25 35.0
-10.0 50.5 40.0
-10.0 52.75 36.0
-10.0 55.0 29.0
-10.0 57.25 27.0
-10.0 59.5 38.0
-10.0 61.75 45.0
-10.0 64.0 30.0
-10.0 66.25 21.0
-10.0 68.5 20.0
-10.0 70.75 25.0
-10.0 73.0 25.0
-10.0 75.25 28.0
-10.0 77.5 29.0
-10.0 79.75 26.0
-10.0 82.0 30.0
-10.0 84.25 35.0
-10.0 86.5 31.0
-10.0 88.75 37.0
-10.0 91.0 29.0
-10.0 93.25 34.0
-10.0 95.5 35.0
-10.0 97.75 29.0
-10.0 100.0 23.0
-7.5 10.0 80.0
-7.5 12.25 75.0
-7.5 14.5 48.0
-7.5 16.75 51.0
-7.5 19.0 41.0
-7.5 21.25 45.0
-7.5 23.5 36.0
-7.5 25.75 42.0
-7.5 28.0 41.0
-7.5 30.25 38.0
-7.5 32.5 37.0
-7.5 34.75 34.0
-7.5 37.0 41.0
-7.5 39.25 51.0
-7.5 41.5 31.0
-7.5 43.75 37.0
-7.5 46.0 38.0
-7.5 48.25 35.0
-7.5 50.5 33.0
-7.5 52.75 36.0
-7.5 55.0 34.0
-7.5 57.25 36.0
-7.5 59.5 30.0
-7.5 61.75 29.0
-7.5 64.0 42.0
-7.5 66.25 36.0
-7.5 68.5 24.0
-7.5 70.75 31.0
-7.5 73.0 17.0
-7.5 75.25 31.0
-7.5 77.5 22.0
-7.5 79.75 32.0
-7.5 82.0 35.0
-7.5 84.25 30.0
-7.5 86.5 29.0
-7.5 88.75 37.0
-7.5 91.0 26.0
-7.5 93.25 27.0
-7.5 95.5 36.0
-7.5 97.75 33.0
-7.5 100.0 14.0
-5.0 10.0 73.0
-5.0 12.25 60.0
-5.0 14.5 46.0
-5.0 16.75 59.0
-5.0 19.0 45.0
-5.0 21.25 54.0
-5.0 23.5 44.0
-5.0 25.75 44.0
-5.0 28.0 47.0
-5.0 30.25 40.0
-5.0 32.5 50.0
-5.0 34.75 43.0
-5.0 37.0 42.0
-5.0 39.25 53.0
-5.0 41.5 33.0
-5.0 43.75 29.0
-5.0 46.0 33.0
-5.0 48.25 35.0
-5.0 50.5 29.0
-5.0 52.75 29.0
-5.0 55.0 31.0
-5.0 57.25 35.0
-5.0 59.5 36.0
-5.0 61.75 28.0
-5.0 64.0 40.0
-5.0 66.25 26.0
-5.0 68.5 19.0
-5.0 70.75 26.0
-5.0 73.0 26.0
-5.0 75.25 29.0
-5.0 77.5 27.0
-5.0 79.75 27.0
-5.0 82.0 24.0
-5.0 84.25 33.0
-5.0 86.5 29.0
-5.0 88.75 27.0
-5.0 91.0 36.0
-5.0 93.25 38.0
-5.0 95.5 31.0
-5.0 97.75 29.0
-5.0 100.0 20.0
-2.5 10.0 60.0
-2.5 12.25 48.0
-2.5 14.5 41.0
-2.5 16.75 33.0
-2.5 19.0 50.0
-2.5 21.25 44.0
-2.5 23.5 44.0
-2.5 25.75 35.0
-2.5 28.0 41.0
-2.5 30.25 39.0
-2.5 32.5 42.0
-2.5 34.75 32.0
-2.5 37.0 41.0
-2.5 39.25 36.0
-2.5 41.5 34.0
-2.5 43.75 23.0
-2.5 46.0 29.0
-2.5 48.25 29.0
-2.5 50.5 29.0
-2.5 52.75 22.0
-2.5 55.0 32.0
-2.5 57.25 25.0
-2.5 59.5 35.0
-2.5 61.75 24.0
-2.5 64.0 39.0
-2.5 66.25 20.0
-2.5 68.5 20.0
-2.5 70.75 27.0
-2.5 73.0 27.0
-2.5 75.25 23.0
-2.5 77.5 29.0
-2.5 79.75 19.0
-2.5 82.0 34.0
-2.5 84.25 30.0
-2.5 86.5 19.0
-2.5 88.75 34.0
-2.5 91.0 25.0
-2.5 93.25 32.0
-2.5 95.5 35.0
-2.5 97.75 33.0
-2.5 100.0 18.0
0.0 10.0 56.0
0.0 12.25 48.0
0.0 14.5 36.0
0.0 16.75 43.0
0.0 19.0 40.0
0.0 21.25 48.0
0.0 23.5 40.0
0.0 25.75 34.0
0.0 28.0 31.0
0.0 30.25 51.0
0.0 32.5 42.0
0.0 34.75 39.0
0.0 37.0 40.0
0.0 39.25 42.0
0.0 41.5 26.0
0.0 43.75 30.0
0.0 46.0 32.0
0.0 48.25 34.0
0.0 50.5 29.0
0.0 52.75 35.0
0.0 55.0 31.0
0.0 57.25 30.0
0.0 59.5 31.0
0.0 61.75 24.0
0.0 64.0 42.0
0.0 66.25 29.0
0.0 68.5 25.0
0.0 70.75 24.0
0.0 73.0 15.0
0.0 75.25 14.0
0.0 77.5 21.0
0.0 79.75 27.0
0.0 82.0 27.0
0.0 84.25 24.0
0.0 86.5 35.0
0.0 88.75 33.0
0.0 91.0 25.0
0.0 93.25 32.0
0.0 95.5 26.0
0.0 97.75 30.0
0.0 100.0 20.0
2.5 10.0 70.0
2.5 12.25 56.0
2.5 14.5 31.0
2.5 16.75 42.0
2.5 19.0 51.0
2.5 21.25 46.0
2.5 23.5 41.0
2.5 25.75 33.0
2.5 28.0 38.0
2.5 30.25 36.0
2.5 32.5 39.0
2.5 34.75 35.0
2.5 37.0 34.0
2.5 39.25 37.0
2.5 41.5 25.0
2.5 43.75 27.0
2.5 46.0 35.0
2.5 48.25 31.0
2.5 50.5 27.0
2.5 52.75 25.0
2.5 55.0 28.0
2.5 57.25 33.0
2.5 59.5 29.0
2.5 61.75 28.0
2.5 64.0 37.0
2.5 66.25 21.0
2.5 68.5 26.0
2.5 70.75 25.0
2.5 73.0 17.0
2.5 75.25 22.0
2.5 77.5 25.0
2.5 79.75 24.0
2.5 82.0 29.0
2.5 84.25 31.0
2.5 86.5 34.0
2.5 88.75 35.0
2.5 91.0 36.0
2.5 93.25 29.0
2.5 95.5 31.0
2.5 97.75 27.0
2.5 100.0 14.0
5.0 10.0 40.0
5.0 12.25 65.0
5.0 14.5 39.0
5.0 16.75 52.0
5.0 19.0 44.0
5.0 21.25 42.0
5.0 23.5 28.0
5.0 25.75 38.0
5.0 28.0 37.0
5.0 30.25 27.0
5.0 32.5 47.0
5.0 34.75 28.0
5.0 37.0 30.0
5.0 39.25 36.0
5.0 41.5 31.0
5.0 43.75 23.0
5.0 46.0 38.0
5.0 48.25 33.0
5.0 50.5 24.0
5.0 52.75 28.0
5.0 55.0 33.0
5.0 57.25 26.0
5.0 59.5 23.0
5.0 61.75 28.0
5.0 64.0 34.0
5.0 66.25 14.0
5.0 68.5 24.0
5.0 70.75 29.0
5.0 73.0 20.0
5.0 75.25 18.0
5.0 77.5 28.0
5.0 79.75 29.0
5.0 82.0 23.0
5.0 84.25 22.0
5.0 86.5 29.0
5.0 88.75 35.0
5.0 91.0 23.0
5.0 93.25 30.0
5.0 95.5 31.0
5.0 97.75 24.0
5.0 100.0 13.0
7.5 10.0 48.0
7.5 12.25 46.0
7.5 14.5 17.0
7.5 16.75 33.0
7.5 19.0 28.0
7.5 21.25 43.0
7.5 23.5 34.0
7.5 25.75 34.0
7.5 28.0 34.0
7.5 30.25 30.0
7.5 32.5 31.0
7.5 34.75 33.0
7.5 37.0 32.0
7.5 39.25 39.0
7.5 41.5 27.0
7.5 43.75 30.0
7.5 46.0 36.0
7.5 48.25 23.0
7.5 50.5 22.0
7.5 52.75 26.0
7.5 55.0 24.0
7.5 57.25 24.0
7.5 59.5 31.0
7.5 61.75 23.0
7.5 64.0 27.0
7.5 66.25 27.0
7.5 68.5 24.0
7.5 70.75 21.0
7.5 73.0 19.0
7.5 75.25 13.0
7.5 77.5 24.0
7.5 79.75 28.0
7.5 82.0 31.0
7.5 84.25 30.0
7.5 86.5 29.0
7.5 88.75 27.0
7.5 91.0 29.0
7.5 93.25 23.0
7.5 95.5 33.0
7.5 97.75 23.0
7.5 100.0 14.0
10.0 10.0 33.0
10.0 12.25 40.0
10.0 14.5 35.0
10.0 16.75 30.0
10.0 19.0 22.0
10.0 21.25 32.0
10.0 23.5 33.0
10.0 25.75 27.0
10.0 28.0 37.0
10.0 30.25 34.0
10.0 32.5 23.0
10.0 34.75 30.0
10.0 37.0 42.0
10.0 39.25 28.0
10.0 41.5 31.0
10.0 43.75 19.0
10.0 46.0 29.0
10.0 48.25 24.0
10.0 50.5 21.0
10.0 52.75 27.0
10.0 55.0 29.0
10.0 57.25 21.0
10.0 59.5 34.0
10.0 61.75 31.0
10.0 64.0 22.0
10.0 66.25 23.0
10.0 68.5 31.0
10.0 70.75 20.0
10.0 73.0 21.0
10.0 75.25 21.0
10.0 77.5 25.0
10.0 79.75 22.0
10.0 82.0 23.0
10.0 84.25 20.0
10.0 86.5 27.0
10.0 88.75 27.0
10.0 91.0 29.0
10.0 93.25 26.0
10.0 95.5 34.0
10.0 97.75 31.0
10.0 100.0 18.0
12.5 10.0 49.0
12.5 12.25 45.0
12.5 14.5 33.0
12.5 16.75 25.0
12.5 19.0 26.0
12.5 21.25 34.0
12.5 23.5 21.0
12.5 25.75 32.0
12.5 28.0 30.0
12.5 30.25 25.0
12.5 32.5 41.0
12.5 34.75 33.0
12.5 37.0 38.0
12.5 39.25 26.0
12.5 41.5 28.0
12.5 43.75 19.0
12.5 46.0 34.0
12.5 48.25 26.0
12.5 50.5 20.0
12.5 52.75 27.0
12.5 55.0 30.0
12.5 57.25 28.0
12.5 59.5 20.0
12.5 61.75 36.0
12.5 64.0 27.0
12.5 66.25 24.0
12.5 68.5 19.0
12.5 70.75 22.0
12.5 73.0 24.0
12.5 75.25 17.0
12.5 77.5 20.0
12.5 79.75 23.0
12.5 82.0 26.0
12.5 84.25 20.0
12.5 86.5 21.0
12.5 88.75 32.0
12.5 91.0 34.0
12.5 93.25 32.0
12.5 95.5 26.0
12.5 97.75 22.0
12.5 100.0 16.0
15.0 10.0 48.0
15.0 12.25 39.0
15.0 14.5 32.0
15.0 16.75 25.0
15.0 19.0 24.0
15.0 21.25 33.0
15.0 23.5 22.0
15.0 25.75 33.0
15.0 28.0 28.0
15.0 30.25 21.0
15.0 32.5 23.0
15.0 34.75 24.0
15.0 37.0 28.0
15.0 39.25 35.0
15.0 41.5 24.0
15.0 43.75 27.0
15.0 46.0 26.0
15.0 48.25 23.0
15.0 50.5 20.0
15.0 52.75 19.0
15.0 55.0 23.0
15.0 57.25 29.0
15.0 59.5 22.0
15.0 61.75 16.0
15.0 64.0 26.0
15.0 66.25 18.0
15.0 68.5 18.0
15.0 70.75 20.0
15.0 73.0 28.0
15.0 75.25 13.0
15.0 77.5 27.0
15.0 79.75 24.0
15.0 82.0 24.0
15.0 84.25 26.0
15.0 86.5 20.0
15.0 88.75 30.0
15.0 91.0 24.0
15.0 93.25 25.0
15.0 95.5 28.0
15.0 97.75 24.0
15.0 100.0 13.0
17.5 10.0 75.0
17.5 12.25 46.0
17.5 14.5 27.0
17.5 16.75 26.0
17.5 19.0 31.0
17.5 21.25 21.0
17.5 23.5 24.0
17.5 25.75 20.0
17.5 28.0 19.0
17.5 30.25 23.0
17.5 32.5 25.0
17.5 34.75 25.0
17.5 37.0 18.0
17.5 39.25 30.0
17.5 41.5 21.0
17.5 43.75 15.0
17.5 46.0 20.0
17.5 48.25 24.0
17.5 50.5 14.0
17.5 52.75 16.0
17.5 55.0 23.0
17.5 57.25 18.0
17.5 59.5 26.0
17.5 61.75 22.0
17.5 64.0 28.0
17.5 66.25 15.0
17.5 68.5 23.0
17.5 70.75 11.0
17.5 73.0 14.0
17.5 75.25 16.0
17.5 77.5 22.0
17.5 79.75 23.0
17.5 82.0 25.0
17.5 84.25 17.0
17.5 86.5 27.0
17.5 88.75 29.0
17.5 91.0 25.0
17.5 93.25 26.0
17.5 95.5 26.0
17.5 97.75 24.0
17.5 100.0 14.0
20.0 10.0 67.0
20.0 12.25 42.0
20.0 14.5 42.0
20.0 16.75 30.0
20.0 19.0 21.0
20.0 21.25 22.0
20.0 23.5 18.0
20.0 25.75 20.0
20.0 28.0 23.0
20.0 30.25 18.0
20.0 32.5 24.0
20.0 34.75 23.0
20.0 37.0 25.0
20.0 39.25 22.0
20.0 41.5 19.0
20.0 43.75 22.0
20.0 46.0 23.0
20.0 48.25 24.0
20.0 50.5 16.0
20.0 52.75 24.0
20.0 55.0 17.0
20.0 57.25 31.0
20.0 59.5 21.0
20.0 61.75 23.0
20.0 64.0 14.0
20.0 66.25 18.0
20.0 68.5 17.0
20.0 70.75 18.0
20.0 73.0 16.0
20.0 75.25 17.0
20.0 77.5 17.0
20.0 79.75 22.0
20.0 82.0 18.0
20.0 84.25 22.0
20.0 86.5 32.0
20.0 88.75 23.0
20.0 91.0 33.0
20.0 93.25 26.0
20.0 95.5 14.0
20.0 97.75 24.0
20.0 100.0 18.0
22.5 10.0 63.0
22.5 12.25 54.0
22.5 14.5 48.0
22.5 16.75 24.0
22.5 19.0 31.0
22.5 21.25 19.0
22.5 23.5 15.0
22.5 25.75 14.0
22.5 28.0 19.0
22.5 30.25 15.0
22.5 32.5 17.0
22.5 34.75 25.0
22.5 37.0 22.0
22.5 39.25 27.0
22.5 41.5 18.0
22.5 43.75 19.0
22.5 46.0 19.0
22.5 48.25 20.0
22.5 50.5 10.0
22.5 52.75 14.0
22.5 55.0 19.0
22.5 57.25 21.0
22.5 59.5 18.0
22.5 61.75 22.0
22.5 64.0 20.0
22.5 66.25 17.0
22.5 68.5 16.0
22.5 70.75 28.0
22.5 73.0 16.0
22.5 75.25 19.0
22.5 77.5 18.0
22.5 79.75 32.0
22.5 82.0 19.0
22.5 84.25 15.0
22.5 86.5 19.0
22.5 88.75 18.0
22.5 91.0 29.0
22.5 93.25 23.0
22.5 95.5 18.0
22.5 97.75 23.0
22.5 100.0 11.0
25.0 10.0 62.0
25.0 12.25 69.0
25.0 14.5 64.0
25.0 16.75 38.0
25.0 19.0 37.0
25.0 21.25 22.0
25.0 23.5 13.0
25.0 25.75 12.0
25.0 28.0 16.0
25.0 30.25 15.0
25.0 32.5 25.0
25.0 34.75 13.0
25.0 37.0 14.0
25.0 39.25 16.0
25.0 41.5 21.0
25.0 43.75 22.0
25.0 46.0 28.0
25.0 48.25 21.0
25.0 50.5 19.0
25.0 52.75 15.0
25.0 55.0 21.0
25.0 57.25 25.0
25.0 59.5 17.0
25.0 61.75 23.0
25.0 64.0 24.0
25.0 66.25 10.0
25.0 68.5 17.0
25.0 70.75 14.0
25.0 73.0 20.0
25.0 75.25 20.0
25.0 77.5 29.0
25.0 79.75 15.0
25.0 82.0 19.0
25.0 84.25 29.0
25.0 86.5 25.0
25.0 88.75 20.0
25.0 91.0 26.0
25.0 93.25 18.0
25.0 95.5 20.0
25.0 97.75 29.0
25.0 100.0 15.0
27.5 10.0 81.0
27.5 12.25 76.0
27.5 14.5 48.0
27.5 16.75 34.0
27.5 19.0 34.0
27.5 21.25 30.0
27.5 23.5 17.0
27.5 25.75 15.0
27.5 28.0 25.0
27.5 30.25 19.0
27.5 32.5 19.0
27.5 34.75 17.0
27.5 37.0 16.0
27.5 39.25 20.0
27.5 41.5 16.0
27.5 43.75 15.0
27.5 46.0 20.0
27.5 48.25 20.0
27.5 50.5 12.0
27.5 52.75 15.0
27.5 55.0 12.0
27.5 57.25 17.0
27.5 59.5 23.0
27.5 61.75 20.0
27.5 64.0 24.0
27.5 66.25 14.0
27.5 68.5 13.0
27.5 70.75 12.0
27.5 73.0 15.0
27.5 75.25 21.0
27.5 77.5 14.0
27.5 79.75 17.0
27.5 82.0 17.0
27.5 84.25 26.0
27.5 86.5 18.0
27.5 88.75 21.0
27.5 91.0 24.0
27.5 93.25 20.0
27.5 95.5 20.0
27.5 97.75 27.0
27.5 100.0 14.0
30.0 10.0 100.0
30.0 12.25 92.0
30.0 14.5 58.0
30.0 16.75 49.0
30.0 19.0 49.0
30.0 21.25 30.0
30.0 23.5 27.0
30.0 25.75 15.0
30.0 28.0 21.0
30.0 30.25 10.0
30.0 32.5 14.0
30.0 34.75 18.0
30.0 37.0 13.0
30.0 39.25 13.0
30.0 41.5 21.0
30.0 43.75 23.0
30.0 46.0 10.0
30.0 48.25 22.0
30.0 50.5 11.0
30.0 52.75 14.0
30.0 55.0 16.0
30.0 57.25 11.0
30.0 59.5 21.0
30.0 61.75 22.0
30.0 64.0 20.0
30.0 66.25 14.0
30.0 68.5 14.0
30.0 70.75 17.0
30.0 73.0 20.0
30.0 75.25 11.0
30.0 77.5 13.0
30.0 79.75 19.0
30.0 82.0 19.0
30.0 84.25 19.0
30.0 86.5 23.0
30.0 88.75 22.0
30.0 91.0 17.0
30.0 93.25 22.0
30.0 95.5 20.0
30.0 97.75 22.0
30.0 100.0 7.0
32.5 10.0 95.0
32.5 12.25 77.0
32.5 14.5 77.0
32.5 16.75 49.0
32.5 19.0 32.0
32.5 21.25 22.0
32.5 23.5 23.0
32.5 25.75 22.0
32.5 28.0 20.0
32.5 30.25 17.0
32.5 32.5 14.0
32.5 34.75 8.0
32.5 37.0 9.0
32.5 39.25 7.0
32.5 41.5 10.0
32.5 43.75 16.0
32.5 46.0 13.0
32.5 48.25 9.0
32.5 50.5 9.0
32.5 52.75 23.0
32.5 55.0 19.0
32.5 57.25 18.0
32.5 59.5 20.0
32.5 61.75 7.0
32.5 64.0 11.0
32.5 66.25 8.0
32.5 68.5 15.0
32.5 70.75 19.0
32.5 73.0 14.0
32.5 75.25 14.0
32.5 77.5 14.0
32.5 79.75 16.0
32.5 82.0 17.0
32.5 84.25 20.0
32.5 86.5 25.0
32.5 88.75 20.0
32.5 91.0 17.0
32.5 93.25 18.0
32.5 95.5 25.0
32.5 97.75 20.0
32.5 100.0 15.0
35.0 10.0 104.0
35.0 12.25 92.0
35.0 14.5 64.0
35.0 16.75 46.0
35.0 19.0 45.0
35.0 21.25 35.0
35.0 23.5 29.0
35.0 25.75 24.0
35.0 28.0 26.0
35.0 30.25 14.0
35.0 32.5 18.0
35.0 34.75 12.0
35.0 37.0 15.0
35.0 39.25 10.0
35.0 41.5 17.0
35.0 43.75 11.0
35.0 46.0 17.0
35.0 48.25 14.0
35.0 50.5 11.0
35.0 52.75 10.0
35.0 55.0 16.0
35.0 57.25 22.0
35.0 59.5 19.0
35.0 61.75 15.0
35.0 64.0 17.0
35.0 66.25 10.0
35.0 68.5 12.0
35.0 70.75 12.0
35.0 73.0 14.0
35.0 75.25 9.0
35.0 77.5 17.0
35.0 79.75 20.0
35.0 82.0 13.0
35.0 84.25 21.0
35.0 86.5 17.0
35.0 88.75 17.0
35.0 91.0 15.0
35.0 93.25 22.0
35.0 95.5 15.0
35.0 97.75 19.0
35.0 100.0 10.0
37.5 10.0 129.0
37.5 12.25 91.0
37.5 14.5 69.0
37.5 16.75 55.0
37.5 19.0 44.0
37.5 21.25 37.0
37.5 23.5 32.0
37.5 25.75 24.0
37.5 28.0 21.0
37.5 30.25 25.0
37.5 32.5 13.0
37.5 34.75 14.0
37.5 37.0 10.0
37.5 39.25 14.0
37.5 41.5 6.0
37.5 43.75 14.0
37.5 46.0 16.0
37.5 48.25 11.0
37.5 50.5 15.0
37.5 52.75 9.0
37.5 55.0 17.0
37.5 57.25 12.0
37.5 59.5 17.0
37.5 61.75 18.0
37.5 64.0 21.0
37.5 66.25 10.0
37.5 68.5 10.0
37.5 70.75 14.0
37.5 73.0 19.0
37.5 75.25 20.0
37.5 77.5 12.0
37.5 79.75 16.0
37.5 82.0 13.0
37.5 84.25 19.0
37.5 86.5 18.0
37.5 88.75 20.0
37.5 91.0 18.0
37.5 93.25 17.0
37.5 95.5 14.0
37.5 97.75 19.0
37.5 100.0 12.0
40.0 10.0 126.0
40.0 12.25 97.0
40.0 14.5 72.0
40.0 16.75 53.0
40.0 19.0 53.0
40.0 21.25 38.0
40.0 23.5 32.0
40.0 25.75 29.0
40.0 28.0 31.0
40.0 30.25 19.0
40.0 32.5 23.0
40.0 34.75 16.0
40.0 37.0 11.0
40.0 39.25 12.0
40.0 41.5 5.0
40.0 43.75 12.0
40.0 46.0 11.0
40.0 48.25 8.0
40.0 50.5 18.0
40.0 52.75 13.0
40.0 55.0 13.0
40.0 57.25 19.0
40.0 59.5 20.0
40.0 61.75 22.0
40.0 64.0 11.0
40.0 66.25 12.0
40.0 68.5 16.0
40.0 70.75 10.0
40.0 73.0 11.0
40.0 75.25 14.0
40.0 77.5 16.0
40.0 79.75 9.0
40.0 82.0 18.0
40.0 84.25 18.0
40.0 86.5 15.0
40.0 88.75 17.0
40.0 91.0 16.0
40.0 93.25 18.0
40.0 95.5 12.0
40.0 97.75 22.0
40.0 100.0 7.0
42.5 10.0 120.0
42.5 12.25 115.0
42.5 14.5 78.0
42.5 16.75 68.0
42.5 19.0 64.0
42.5 21.25 54.0
42.5 23.5 42.0
42.5 25.75 30.0
42.5 28.0 21.0
42.5 30.25 22.0
42.5 32.5 27.0
42.5 34.75 20.0
42.5 37.0 14.0
42.5 39.25 9.0
42.5 41.5 10.0
42.5 43.75 9.0
42.5 46.0 14.0
42.5 48.25 7.0
42.5 50.5 8.0
42.5 52.75 7.0
42.5 55.0 10.0
42.5 57.25 12.0
42.5 59.5 14.0
42.5 61.75 13.0
42.5 64.0 11.0
42.5 66.25 5.0
42.5 68.5 7.0
42.5 70.75 11.0
42.5 73.0 9.0
42.5 75.25 12.0
42.5 77.5 12.0
42.5 79.75 16.0
42.5 82.0 14.0
42.5 84.25 17.0
42.5 86.5 15.0
42.5 88.75 15.0
42.5 91.0 19.0
42.5 93.25 17.0
42.5 95.5 17.0
42.5 97.75 11.0
42.5 100.0 9.0
45.0 10.0 126.0
45.0 12.25 118.0
45.0 14.5 106.0
45.0 16.75 57.0
45.0 19.0 68.0
45.0 21.25 50.0
45.0 23.5 36.0
45.0 25.75 30.0
45.0 28.0 35.0
45.0 30.25 23.0
45.0 32.5 21.0
45.0 34.75 14.0
45.0 37.0 20.0
45.0 39.25 15.0
45.0 41.5 17.0
45.0 43.75 11.0
45.0 46.0 9.0
45.0 48.25 10.0
45.0 50.5 7.0
45.0 52.75 6.0
45.0 55.0 7.0
45.0 57.25 13.0
45.0 59.5 10.0
45.0 61.75 12.0
45.0 64.0 11.0
45.0 66.25 7.0
45.0 68.5 9.0
45.0 70.75 10.0
45.0 73.0 10.0
45.0 75.25 11.0
45.0 77.5 14.0
45.0 79.75 18.0
45.0 82.0 23.0
45.0 84.25 17.0
45.0 86.5 17.0
45.0 88.75 9.0
45.0 91.0 11.0
45.0 93.25 14.0
45.0 95.5 20.0
45.0 97.75 17.0
45.0 100.0 9.0
47.5 10.0 135.0
47.5 12.25 98.0
47.5 14.5 88.0
47.5 16.75 62.0
47.5 19.0 59.0
47.5 21.25 37.0
47.5 23.5 35.0
47.5 25.75 36.0
47.5 28.0 30.0
47.5 30.25 24.0
47.5 32.5 26.0
47.5 34.75 21.0
47.5 37.0 12.0
47.5 39.25 15.0
47.5 41.5 11.0
47.5 43.75 13.0
47.5 46.0 6.0
47.5 48.25 6.0
47.5 50.5 9.0
47.5 52.75 8.0
47.5 55.0 12.0
47.5 57.25 14.0
47.5 59.5 7.0
47.5 61.75 8.0
47.5 64.0 7.0
47.5 66.25 14.0
47.5 68.5 10.0
47.5 70.75 11.0
47.5 73.0 10.0
47.5 75.25 9.0
47.5 77.5 11.0
47.5 79.75 17.0
47.5 82.0 12.0
47.5 84.25 15.0
47.5 86.5 14.0
47.5 88.75 21.0
47.5 91.0 18.0
47.5 93.25 22.0
47.5 95.5 16.0
47.5 97.75 18.0
47.5 100.0 10.0
50.0 10.0 111.0
50.0 12.25 125.0
50.0 14.5 97.0
50.0 16.75 80.0
50.0 19.0 60.0
50.0 21.25 47.0
50.0 23.5 42.0
50.0 25.75 32.0
50.0 28.0 35.0
50.0 30.25 21.0
50.0 32.5 33.0
50.0 34.75 19.0
50.0 37.0 21.0
50.0 39.25 21.0
50.0 41.5 9.0
50.0 43.75 9.0
50.0 46.0 11.0
50.0 48.25 10.0
50.0 50.5 7.0
50.0 52.75 6.0
50.0 55.0 3.0
50.0 57.25 12.0
50.0 59.5 5.0
50.0 61.75 11.0
50.0 64.0 12.0
50.0 66.25 7.0
50.0 68.5 10.0
50.0 70.75 8.0
50.0 73.0 5.0
50.0 75.25 15.0
50.0 77.5 12.0
50.0 79.75 13.0
50.0 82.0 15.0
50.0 84.25 12.0
50.0 86.5 12.0
50.0 88.75 12.0
50.0 91.0 6.0
50.0 93.25 16.0
50.0 95.5 18.0
50.0 97.75 8.0
50.0 100.0 7.0
