-50.0 10.0 183.0
-50.0 12.25 156.0
-50.0 14.5 147.0
-50.0 16.75 130.0
-50.0 19.0 105.0
-50.0 21.25 111.0
-50.0 23.5 98.0
-50.0 25.75 96.0
-50.0 28.0 79.0
-50.0 30.25 85.0
-50.0 32.5 85.0
-50.0 34.75 63.0
-50.0 37.0 73.0
-50.0 39.25 86.0
-50.0 41.5 53.0
-50.0 43.75 71.0
-50.0 46.0 64.0
-50.0 48.25 62.0
-50.0 50.5 43.0
-50.0 52.75 47.0
-50.0 55.0 45.0
-50.0 57.25 49.0
-50.0 59.5 63.0
-50.0 61.75 53.0
-50.0 64.0 66.0
-50.0 66.25 30.0
-50.0 68.5 25.0
-50.0 70.75 31.0
-50.0 73.0 38.0
-50.0 75.25 50.0
-50.0 77.5 35.0
-50.0 79.75 45.0
-50.0 82.0 40.0
-50.0 84.25 40.0
-50.0 86.5 51.0
-50.0 88.75 42.0
-50.0 91.0 41.0
-50.0 93.25 48.0
-50.0 95.5 39.0
-50.0 97.75 42.0
-50.0 100.0 18.0
-47.5 10.0 181.0
-47.5 12.25 149.0
-47.5 14.5 132.0
-47.5 16.75 125.0
-47.5 19.0 104.0
-47.5 21.25 87.0
-47.5 23.5 102.0
-47.5 25.75 82.0
-47.5 28.0 102.0
-47.5 30.25 79.0
-47.5 32.5 84.0
-47.5 34.75 63.0
-47.5 37.0 64.0
-47.5 39.25 73.0
-47.5 41.5 65.0
-47.5 43.75 56.0
-47.5 46.0 63.0
-47.5 48.25 63.0
-47.5 50.5 44.0
-47.5 52.75 44.0
-47.5 55.0 50.0
-47.5 57.25 49.0
-47.5 59.5 46.0
-47.5 61.75 58.0
-47.5 64.0 46.0
-47.5 66.25 31.0
-47.5 68.5 35.0
-47.5 70.75 38.0
-47.5 73.0 36.0
-47.5 75.25 39.0
-47.5 77.5 37.0
-47.5 79.75 37.0
-47.5 82.0 36.0
-47.5 84.25 37.0
-47.5 86.5 39.0
-47.5 88.75 42.0
-47.5 91.0 42.0
-47.5 93.25 47.0
-47.5 95.5 41.0
-47.5 97.75 47.0
-47.5 100.0 24.0
-45.0 10.0 178.0
-45.0 12.25 197.0
-45.0 14.5 135.0
-45.0 16.75 118.0
-45.0 19.0 108.0
-45.0 21.25 112.0
-45.0 23.5 94.0
-45.0 25.75 84.0
-45.0 28.0 87.0
-45.0 30.25 90.0
-45.0 32.5 83.0
-45.0 34.75 79.0
-45.0 37.0 67.0
-45.0 39.25 73.0
-45.0 41.5 55.0
-45.0 43.75 61.0
-45.0 46.0 53.0
-45.0 48.25 73.0
-45.0 50.5 49.0
-45.0 52.75 34.0
-45.0 55.0 66.0
-45.0 57.25 59.0
-45.0 59.5 47.0
-45.0 61.75 60.0
-45.0 64.0 52.0
-45.0 66.25 30.0
-45.0 68.5 30.0
-45.0 70.75 49.0
-45.0 73.0 47.0
-45.0 75.25 38.0
-45.0 77.5 45.0
-45.0 79.75 54.0
-45.0 82.0 41.0
-45.0 84.25 36.0
-45.0 86.5 44.0
-45.0 88.75 49.0
-45.0 91.0 45.0
-45.0 93.25 42.0
-45.0 95.5 36.0
-45.0 97.75 43.0
-45.0 100.0 30.0
-42.5 10.0 204.0
-42.5 12.25 158.0
-42.5 14.5 122.0
-42.5 16.75 110.0
-42.5 19.0 117.0
-42.5 21.25 89.0
-42.5 23.5 91.0
-42.5 25.75 82.0
-42.5 28.0 92.0
-42.5 30.25 66.0
-42.5 32.5 70.0
-42.5 34.75 50.0
-42.5 37.0 64.0
-42.5 39.25 75.0
-42.5 41.5 46.0
-42.5 43.75 54.0
-42.5 46.0 66.0
-42.5 48.25 55.0
-42.5 50.5 47.0
-42.5 52.75 55.0
-42.5 55.0 47.0
-42.5 57.25 46.0
-42.5 59.5 46.0
-42.5 61.75 53.0
-42.5 64.0 52.0
-42.5 66.25 31.0
-42.5 68.5 35.0
-42.5 70.75 35.0
-42.5 73.0 46.0
-42.5 75.25 41.0
-42.5 77.5 42.0
-42.5 79.75 50.0
-42.5 82.0 42.0
-42.5 84.25 49.0
-42.5 86.5 45.0
-42.5 88.75 48.0
-42.5 91.0 47.0
-42.5 93.25 45.0
-42.5 95.5 44.0
-42.5 97.75 41.0
-42.5 100.0 18.0
-40.0 10.0 192.0
-40.0 12.25 150.0
-40.0 14.5 133.0
-40.0 16.75 108.0
-40.0 19.0 98.0
-40.0 21.25 98.0
-40.0 23.5 83.0
-40.0 25.75 86.0
-40.0 28.0 81.0
-40.0 30.25 79.0
-40.0 32.5 81.0
-40.0 34.75 65.0
-40.0 37.0 68.0
-40.0 39.25 79.0
-40.0 41.5 57.0
-40.0 43.75 55.0
-40.0 46.0 59.0
-40.0 48.25 50.0
-40.0 50.5 52.0
-40.0 52.75 50.0
-40.0 55.0 49.0
-40.0 57.25 47.0
-40.0 59.5 54.0
-40.0 61.75 44.0
-40.0 64.0 54.0
-40.0 66.25 43.0
-40.0 68.5 31.0
-40.0 70.75 35.0
-40.0 73.0 42.0
-40.0 75.25 31.0
-40.0 77.5 39.0
-40.0 79.75 44.0
-40.0 82.0 44.0
-40.0 84.25 44.0
-40.0 86.5 46.0
-40.0 88.75 49.0
-40.0 91.0 46.0
-40.0 93.25 34.0
-40.0 95.5 34.0
-40.0 97.75 42.0
-40.0 100.0 22.0
-37.5 10.0 178.0
-37.5 12.25 148.0
-37.5 14.5 125.0
-37.5 16.75 110.0
-37.5 19.0 99.0
-37.5 21.25 88.0
-37.5 23.5 82.0
-37.5 25.75 71.0
-37.5 28.0 73.0
-37.5 30.25 74.0
-37.5 32.5 75.0
-37.5 34.75 68.0
-37.5 37.0 65.0
-37.5 39.25 69.0
-37.5 41.5 50.0
-37.5 43.75 56.0
-37.5 46.0 63.0
-37.5 48.25 57.0
-37.5 50.5 51.0
-37.5 52.75 49.0
-37.5 55.0 50.0
-37.5 57.25 47.0
-37.5 59.5 48.0
-37.5 61.75 47.0
-37.5 64.0 46.0
-37.5 66.25 36.0
-37.5 68.5 30.0
-37.5 70.75 43.0
-37.5 73.0 37.0
-37.5 75.25 34.0
-37.5 77.5 43.0
-37.5 79.75 27.0
-37.5 82.0 39.0
-37.5 84.25 35.0
-37.5 86.5 35.0
-37.5 88.75 47.0
-37.5 91.0 41.0
-37.5 93.25 49.0
-37.5 95.5 51.0
-37.5 97.75 38.0
-37.5 100.0 16.0
-35.0 10.0 145.0
-35.0 12.25 146.0
-35.0 14.5 128.0
-35.0 16.75 103.0
-35.0 19.0 97.0
-35.0 21.25 78.0
-35.0 23.5 80.0
-35.0 25.75 67.0
-35.0 28.0 66.0
-35.0 30.25 71.0
-35.0 32.5 78.0
-35.0 34.75 69.0
-35.0 37.0 54.0
-35.0 39.25 75.0
-35.0 41.5 53.0
-35.0 43.75 61.0
-35.0 46.0 69.0
-35.0 48.25 52.0
-35.0 50.5 39.0
-35.0 52.75 42.0
-35.0 55.0 47.0
-35.0 57.25 34.0
-35.0 59.5 41.0
-35.0 61.75 47.0
-35.0 64.0 56.0
-35.0 66.25 41.0
-35.0 68.5 36.0
-35.0 70.75 36.0
-35.0 73.0 31.0
-35.0 75.25 39.0
-35.0 77.5 40.0
-35.0 79.75 37.0
-35.0 82.0 38.0
-35.0 84.25 42.0
-35.0 86.5 44.0
-35.0 88.75 37.0
-35.0 91.0 41.0
-35.0 93.25 37.0
-35.0 95.5 44.0
-35.0 97.75 35.0
-35.0 100.0 16.0
-32.5 10.0 145.0
-32.5 12.25 132.0
-32.5 14.5 96.0
-32.5 16.75 100.0
-32.5 19.0 87.0
-32.5 21.25 76.0
-32.5 23.5 76.0
-32.5 25.75 84.0
-32.5 28.0 83.0
-32.5 30.25 78.0
-32.5 32.5 65.0
-32.5 34.75 61.0
-32.5 37.0 67.0
-32.5 39.25 62.0
-32.5 41.5 57.0
-32.5 43.75 57.0
-32.5 46.0 60.0
-32.5 48.25 50.0
-32.5 50.5 40.0
-32.5 52.75 43.0
-32.5 55.0 38.0
-32.5 57.25 38.0
-32.5 59.5 38.0
-32.5 61.75 55.0
-32.5 64.0 53.0
-32.5 66.25 33.0
-32.5 68.5 43.0
-32.5 70.75 34.0
-32.5 73.0 32.0
-32.5 75.25 31.0
-32.5 77.5 29.0
-32.5 79.75 34.0
-32.5 82.0 43.0
-32.5 84.25 38.0
-32.5 86.5 44.0
-32.5 88.75 46.0
-32.5 91.0 47.0
-32.5 93.25 42.0
-32.5 95.5 46.0
-32.5 97.75 46.0
-32.5 100.0 21.0
-30.0 10.0 166.0
-30.0 12.25 129.0
-30.0 14.5 112.0
-30.0 16.75 93.0
-30.0 19.0 91.0
-30.0 21.25 94.0
-30.0 23.5 81.0
-30.0 25.75 70.0
-30.0 28.0 65.0
-30.0 30.25 63.0
-30.0 32.5 71.0
-30.0 34.75 67.0
-30.0 37.0 62.0
-30.0 39.25 61.0
-30.0 41.5 43.0
-30.0 43.75 39.0
-30.0 46.0 50.0
-30.0 48.25 49.0
-30.0 50.5 58.0
-30.0 52.75 44.0
-30.0 55.0 40.0
-30.0 57.25 50.0
-30.0 59.5 48.0
-30.0 61.75 33.0
-30.0 64.0 51.0
-30.0 66.25 37.0
-30.0 68.5 36.0
-30.0 70.75 36.0
-30.0 73.0 38.0
-30.0 75.25 37.0
-30.0 77.5 34.0
-30.0 79.75 42.0
-30.0 82.0 38.0
-30.0 84.25 34.0
-30.0 86.5 36.0
-30.0 88.75 37.0
-30.0 91.0 36.0
-30.0 93.25 39.0
-30.0 95.5 33.0
-30.0 97.75 38.0
-30.0 100.0 31.0
-27.5 10.0 148.0
-27.5 12.25 128.0
-27.5 14.5 104.0
-27.5 16.75 98.0
-27.5 19.0 86.0
-27.5 21.25 96.0
-27.5 23.5 62.0
-27.5 25.75 67.0
-27.5 28.0 74.0
-27.5 30.25 70.0
-27.5 32.5 56.0
-27.5 34.75 61.0
-27.5 37.0 51.0
-27.5 39.25 64.0
-27.5 41.5 52.0
-27.5 43.75 47.0
-27.5 46.0 46.0
-27.5 48.25 39.0
-27.5 50.5 42.0
-27.5 52.75 39.0
-27.5 55.0 41.0
-27.5 57.25 33.0
-27.5 59.5 32.0
-27.5 61.75 54.0
-27.5 64.0 50.0
-27.5 66.25 31.0
-27.5 68.5 26.0
-27.5 70.75 44.0
-27.5 73.0 32.0
-27.5 75.25 31.0
-27.5 77.5 32.0
-27.5 79.75 27.0
-27.5 82.0 27.0
-27.5 84.25 30.0
-27.5 86.5 42.0
-27.5 88.75 38.0
-27.5 91.0 38.0
-27.5 93.25 44.0
-27.5 95.5 34.0
-27.5 97.75 37.0
-27.5 100.0 22.0
-25.0 10.0 132.0
-25.0 12.25 119.0
-25.0 14.5 94.0
-25.0 16.75 106.0
-25.0 19.0 75.0
-25.0 21.25 93.0
-25.0 23.5 72.0
-25.0 25.75 64.0
-25.0 28.0 62.0
-25.0 30.25 67.0
-25.0 32.5 55.0
-25.0 34.75 60.0
-25.0 37.0 59.0
-25.0 39.25 55.0
-25.0 41.5 62.0
-25.0 43.75 56.0
-25.0 46.0 52.0
-25.0 48.25 51.0
-25.0 50.5 39.0
-25.0 52.75 37.0
-25.0 55.0 36.0
-25.0 57.25 40.0
-25.0 59.5 41.0
-25.0 61.75 44.0
-25.0 64.0 42.0
-25.0 66.25 41.0
-25.0 68.5 23.0
-25.0 70.75 31.0
-25.0 73.0 42.0
-25.0 75.25 38.0
-25.0 77.5 44.0
-25.0 79.75 42.0
-25.0 82.0 38.0
-25.0 84.25 48.0
-25.0 86.5 44.0
-25.0 88.75 52.0
-25.0 91.0 40.0
-25.0 93.25 38.0
-25.0 95.5 38.0
-25.0 97.75 39.0
-25.0 100.0 24.0
-22.5 10.0 127.0
-22.5 12.25 106.0
-22.5 14.5 74.0
-22.5 16.75 78.0
-22.5 19.0 76.0
-22.5 21.25 60.0
-22.5 23.5 60.0
-22.5 25.75 63.0
-22.5 28.0 62.0
-22.5 30.25 54.0
-22.5 32.5 51.0
-22.5 34.75 56.0
-22.5 37.0 56.0
-22.5 39.25 59.0
-22.5 41.5 44.0
-22.5 43.75 56.0
-22.5 46.0 43.0
-22.5 48.25 36.0
-22.5 50.5 34.0
-22.5 52.75 37.0
-22.5 55.0 34.0
-22.5 57.25 41.0
-22.5 59.5 44.0
-22.5 61.75 27.0
-22.5 64.0 48.0
-22.5 66.25 28.0
-22.5 68.5 35.0
-22.5 70.75 21.0
-22.5 73.0 27.0
-22.5 75.25 36.0
-22.5 77.5 32.0
-22.5 79.75 35.0
-22.5 82.0 30.0
-22.5 84.25 32.0
-22.5 86.5 42.0
-22.5 88.75 41.0
-22.5 91.0 33.0
-22.5 93.25 24.0
-22.5 95.5 34.0
-22.5 97.75 37.0
-22.5 100.0 23.0
-20.0 10.0 112.0
-20.0 12.25 103.0
-20.0 14.5 92.0
-20.0 16.75 83.0
-20.0 19.0 67.0
-20.0 21.25 69.0
-20.0 23.5 62.0
-20.0 25.75 70.0
-20.0 28.0 81.0
-20.0 30.25 53.0
-20.0 32.5 52.0
-20.0 34.75 54.0
-20.0 37.0 66.0
-20.0 39.25 47.0
-20.0 41.5 42.0
-20.0 43.75 43.0
-20.0 46.0 43.0
-20.0 48.25 48.0
-20.0 50.5 38.0
-20.0 52.75 24.0
-20.0 55.0 36.0
-20.0 57.25 40.0
-20.0 59.5 33.0
-20.0 61.75 35.0
-20.0 64.0 42.0
-20.0 66.25 30.0
-20.0 68.5 25.0
-20.0 70.75 30.0
-20.0 73.0 28.0
-20.0 75.25 24.0
-20.0 77.5 30.0
-20.0 79.75 31.0
-20.0 82.0 40.0
-20.0 84.25 32.0
-20.0 86.5 32.0
-20.0 88.75 43.0
-20.0 91.0 44.0
-20.0 93.25 42.0
-20.0 95.5 34.0
-20.0 97.75 38.0
-20.0 100.0 20.0
-17.5 10.0 107.0
-17.5 12.25 93.0
-17.5 14.5 83.0
-17.5 16.75 68.0
-17.5 19.0 51.0
-17.5 21.25 66.0
-17.5 23.5 57.0
-17.5 25.75 47.0
-17.5 28.0 66.0
-17.5 30.25 36.0
-17.5 32.5 65.0
-17.5 34.75 47.0
-17.5 37.0 54.0
-17.5 39.25 48.0
-17.5 41.5 44.0
-17.5 43.75 53.0
-17.5 46.0 51.0
-17.5 48.25 42.0
-17.5 50.5 34.0
-17.5 52.75 38.0
-17.5 55.0 37.0
-17.5 57.25 41.0
-17.5 59.5 33.0
-17.5 61.75 41.0
-17.5 64.0 38.0
-17.5 66.25 28.0
-17.5 68.5 21.0
-17.5 70.75 36.0
-17.5 73.0 23.0
-17.5 75.25 33.0
-17.5 77.5 29.0
-17.5 79.75 28.0
-17.5 82.0 34.0
-17.5 84.25 40.0
-17.5 86.5 33.0
-17.5 88.75 37.0
-17.5 91.0 39.0
-17.5 93.25 33.0
-17.5 95.5 38.0
-17.5 97.75 32.0
-17.5 100.0 23.0
-15.0 10.0 107.0
-15.0 12.25 87.0
-15.0 14.5 73.0
-15.0 16.75 60.0
-15.0 19.0 59.0
-15.0 21.25 58.0
-15.0 23.5 50.0
-15.0 25.75 54.0
-15.0 28.0 57.0
-15.0 30.25 54.0
-15.0 32.5 55.0
-15.0 34.75 47.0
-15.0 37.0 42.0
-15.0 39.25 54.0
-15.0 41.5 32.0
-15.0 43.75 40.0
-15.0 46.0 46.0
-15.0 48.25 38.0
-15.0 50.5 30.0
-15.0 52.75 25.0
-15.0 55.0 41.0
-15.0 57.25 32.0
-15.0 59.5 44.0
-15.0 61.75 42.0
-15.0 64.0 44.0
-15.0 66.25 23.0
-15.0 68.5 29.0
-15.0 70.75 24.0
-15.0 73.0 28.0
-15.0 75.25 30.0
-15.0 77.5 32.0
-15.0 79.75 33.0
-15.0 82.0 33.0
-15.0 84.25 29.0
-15.0 86.5 38.0
-15.0 88.75 30.0
-15.0 91.0 37.0
-15.0 93.25 40.0
-15.0 95.5 28.0
-15.0 97.75 36.0
-15.0 100.0 20.0
-12.5 10.0 96.0
-12.5 12.25 53.0
-12.5 14.5 56.0
-12.5 16.75 64.0
-12.5 19.0 51.0
-12.5 21.25 48.0
-12.5 23.5 56.0
-12.5 25.75 59.0
-12.5 28.0 48.0
-12.5 30.25 50.0
-12.5 32.5 53.0
-12.5 34.75 43.0
-12.5 37.0 37.0
-12.5 39.25 53.0
-12.5 41.5 43.0
-12.5 43.75 45.0
-12.5 46.0 47.0
-12.5 48.25 38.0
-12.5 50.5 36.0
-12.5 52.75 29.0
-12.5 55.0 25.0
-12.5 57.25 31.0
-12.5 59.5 35.0
-12.5 61.75 37.0
-12.5 64.0 39.0
-12.5 66.25 22.0
-12.5 68.5 23.0
-12.5 70.75 36.0
-12.5 73.0 27.0
-12.5 75.25 39.0
-12.5 77.5 36.0
-12.5 79.75 29.0
-12.5 82.0 39.0
-12.5 84.25 35.0
-12.5 86.5 45.0
-12.5 88.75 31.0
-12.5 91.0 34.0
-12.5 93.25 33.0
-12.5 95.5 33.0
-12.5 97.75 41.0
-12.5 100.0 20.0
-10.0 10.0 90.0
-10.0 12.25 76.0
-10.0 14.5 61.0
-10.0 16.75 63.0
-10.0 19.0 59.0
-10.0 21.25 65.0
-10.0 23.5 50.0
-10.0 25.75 52.0
-10.0 28.0 48.0
-10.0 30.25 43.0
-10.0 32.5 48.0
-10.0 34.75 44.0
-10.0 37.0 55.0
-10.0 39.25 52.0
-10.0 41.5 36.0
-10.0 43.75 43.0
-10.0 46.0 41.0
-10.0 48.25 43.0
-10.0 50.5 29.0
-10.0 52.75 38.0
-10.0 55.0 35.0
-10.0 57.25 37.0
-10.0 59.5 37.0
-10.0 61.75 36.0
-10.0 64.0 39.0
-10.0 66.25 31.0
-10.0 68.5 26.0
-10.0 70.75 28.0
-10.0 73.0 22.0
-10.0 75.25 35.0
-10.0 77.5 24.0
-10.0 79.75 25.0
-10.0 82.0 33.0
-10.0 84.25 30.0
-10.0 86.5 37.0
-10.0 88.75 35.0
-10.0 91.0 39.0
-10.0 93.25 30.0
-10.0 95.5 40.0
-10.0 97.75 34.0
-10.0 100.0 22.0
-7.5 10.0 79.0
-7.5 12.25 76.0
-7.5 14.5 44.0
-7.5 16.75 47.0
-7.5 19.0 48.0
-7.5 21.25 57.0
-7.5 23.5 34.0
-7.5 25.75 41.0
-7.5 28.0 46.0
-7.5 30.25 41.0
-7.5 32.5 46.0
-7.5 34.75 41.0
-7.5 37.0 31.0
-7.5 39.25 44.0
-7.5 41.5 28.0
-7.5 43.75 36.0
-7.5 46.0 49.0
-7.5 48.25 31.0
-7.5 50.5 24.0
-7.5 52.75 27.0
-7.5 55.0 33.0
-7.5 57.25 36.0
-7.5 59.5 43.0
-7.5 61.75 39.0
-7.5 64.0 34.0
-7.5 66.25 28.0
-7.5 68.5 22.0
-7.5 70.75 22.0
-7.5 73.0 33.0
-7.5 75.25 28.0
-7.5 77.5 29.0
-7.5 79.75 24.0
-7.5 82.0 24.0
-7.5 84.25 42.0
-7.5 86.5 27.0
-7.5 88.75 28.0
-7.5 91.0 27.0
-7.5 93.25 32.0
-7.5 95.5 39.0
-7.5 97.75 32.0
-7.5 100.0 19.0
-5.0 10.0 66.0
-5.0 12.25 68.0
-5.0 14.5 58.0
-5.0 16.75 58.0
-5.0 19.0 43.0
-5.0 21.25 56.0
-5.0 23.5 48.0
-5.0 25.75 50.0
-5.0 28.0 53.0
-5.0 30.25 32.0
-5.0 32.5 34.0
-5.0 34.75 40.0
-5.0 37.0 34.0
-5.0 39.25 38.0
-5.0 41.5 37.0
-5.0 43.75 39.0
-5.0 46.0 37.0
-5.0 48.25 39.0
-5.0 50.5 29.0
-5.0 52.75 30.0
-5.0 55.0 38.0
-5.0 57.25 36.0
-5.0 59.5 29.0
-5.0 61.75 29.0
-5.0 64.0 39.0
-5.0 66.25 25.0
-5.0 68.5 32.0
-5.0 70.75 30.0
-5.0 73.0 26.0
-5.0 75.25 32.0
-5.0 77.5 22.0
-5.0 79.75 20.0
-5.0 82.0 23.0
-5.0 84.25 27.0
-5.0 86.5 33.0
-5.0 88.75 36.0
-5.0 91.0 37.0
-5.0 93.25 43.0
-5.0 95.5 28.0
-5.0 97.75 35.0
-5.0 100.0 14.0
-2.5 10.0 59.0
-2.5 12.25 52.0
-2.5 14.5 38.0
-2.5 16.75 54.0
-2.5 19.0 39.0
-2.5 21.25 43.0
-2.5 23.5 32.0
-2.5 25.75 36.0
-2.5 28.0 44.0
-2.5 30.25 36.0
-2.5 32.5 37.0
-2.5 34.75 34.0
-2.5 37.0 30.0
-2.5 39.25 32.0
-2.5 41.5 36.0
-2.5 43.75 34.0
-2.5 46.0 43.0
-2.5 48.25 24.0
-2.5 50.5 26.0
-2.5 52.75 29.0
-2.5 55.0 28.0
-2.5 57.25 26.0
-2.5 59.5 24.0
-2.5 61.75 34.0
-2.5 64.0 37.0
-2.5 66.25 17.0
-2.5 68.5 16.0
-2.5 70.75 20.0
-2.5 73.0 29.0
-2.5 75.25 25.0
-2.5 77.5 26.0
-2.5 79.75 25.0
-2.5 82.0 16.0
-2.5 84.25 31.0
-2.5 86.5 30.0
-2.5 88.75 30.0
-2.5 91.0 38.0
-2.5 93.25 35.0
-2.5 95.5 31.0
-2.5 97.75 39.0
-2.5 100.0 14.0
0.0 10.0 50.0
0.0 12.25 41.0
0.0 14.5 41.0
0.0 16.75 42.0
0.0 19.0 39.0
0.0 21.25 44.0
0.0 23.5 30.0
0.0 25.75 42.0
0.0 28.0 40.0
0.0 30.25 36.0
0.0 32.5 33.0
0.0 34.75 39.0
0.0 37.0 30.0
0.0 39.25 40.0
0.0 41.5 30.0
0.0 43.75 38.0
0.0 46.0 45.0
0.0 48.25 24.0
0.0 50.5 26.0
0.0 52.75 28.0
0.0 55.0 30.0
0.0 57.25 21.0
0.0 59.5 26.0
0.0 61.75 27.0
0.0 64.0 39.0
0.0 66.25 23.0
0.0 68.5 27.0
0.0 70.75 23.0
0.0 73.0 27.0
0.0 75.25 20.0
0.0 77.5 29.0
0.0 79.75 23.0
0.0 82.0 29.0
0.0 84.25 27.0
0.0 86.5 21.0
0.0 88.75 25.0
0.0 91.0 28.0
0.0 93.25 32.0
0.0 95.5 34.0
0.0 97.75 25.0
0.0 100.0 13.0
2.5 10.0 66.0
2.5 12.25 45.0
2.5 14.5 37.0
2.5 16.75 48.0
2.5 19.0 40.0
2.5 21.25 40.0
2.5 23.5 51.0
2.5 25.75 42.0
2.5 28.0 43.0
2.5 30.25 30.0
2.5 32.5 44.0
2.5 34.75 40.0
2.5 37.0 48.0
2.5 39.25 41.0
2.5 41.5 32.0
2.5 43.75 35.0
2.5 46.0 41.0
2.5 48.25 31.0
2.5 50.5 27.0
2.5 52.75 27.0
2.5 55.0 29.0
2.5 57.25 30.0
2.5 59.5 33.0
2.5 61.75 29.0
2.5 64.0 27.0
2.5 66.25 26.0
2.5 68.5 20.0
2.5 70.75 16.0
2.5 73.0 22.0
2.5 75.25 19.0
2.5 77.5 23.0
2.5 79.75 27.0
2.5 82.0 29.0
2.5 84.25 28.0
2.5 86.5 26.0
2.5 88.75 37.0
2.5 91.0 38.0
2.5 93.25 29.0
2.5 95.5 26.0
2.5 97.75 23.0
2.5 100.0 17.0
5.0 10.0 49.0
5.0 12.25 57.0
5.0 14.5 32.0
5.0 16.75 37.0
5.0 19.0 30.0
5.0 21.25 37.0
5.0 23.5 32.0
5.0 25.75 34.0
5.0 28.0 35.0
5.0 30.25 32.0
5.0 32.5 49.0
5.0 34.75 35.0
5.0 37.0 24.0
5.0 39.25 25.0
5.0 41.5 36.0
5.0 43.75 29.0
5.0 46.0 30.0
5.0 48.25 39.0
5.0 50.5 23.0
5.0 52.75 21.0
5.0 55.0 30.0
5.0 57.25 18.0
5.0 59.5 26.0
5.0 61.75 31.0
5.0 64.0 27.0
5.0 66.25 24.0
5.0 68.5 18.0
5.0 70.75 20.0
5.0 73.0 30.0
5.0 75.25 27.0
5.0 77.5 28.0
5.0 79.75 25.0
5.0 82.0 28.0
5.0 84.25 29.0
5.0 86.5 23.0
5.0 88.75 33.0
5.0 91.0 29.0
5.0 93.25 40.0
5.0 95.5 26.0
5.0 97.75 25.0
5.0 100.0 20.0
7.5 10.0 48.0
7.5 12.25 19.0
7.5 14.5 32.0
7.5 16.75 36.0
7.5 19.0 27.0
7.5 21.25 45.0
7.5 23.5 32.0
7.5 25.75 37.0
7.5 28.0 34.0
7.5 30.25 33.0
7.5 32.5 37.0
7.5 34.75 30.0
7.5 37.0 23.0
7.5 39.25 43.0
7.5 41.5 33.0
7.5 43.75 33.0
7.5 46.0 30.0
7.5 48.25 27.0
7.5 50.5 26.0
7.5 52.75 28.0
7.5 55.0 25.0
7.5 57.25 20.0
7.5 59.5 27.0
7.5 61.75 34.0
7.5 64.0 34.0
7.5 66.25 23.0
7.5 68.5 20.0
7.5 70.75 22.0
7.5 73.0 23.0
7.5 75.25 23.0
7.5 77.5 21.0
7.5 79.75 28.0
7.5 82.0 27.0
7.5 84.25 29.0
7.5 86.5 24.0
7.5 88.75 25.0
7.5 91.0 27.0
7.5 93.25 34.0
7.5 95.5 24.0
7.5 97.75 36.0
7.5 100.0 13.0
10.0 10.0 34.0
10.0 12.25 34.0
10.0 14.5 33.0
10.0 16.75 38.0
10.0 19.0 32.0
10.0 21.25 41.0
10.0 23.5 28.0
10.0 25.75 32.0
10.0 28.0 40.0
10.0 30.25 23.0
10.0 32.5 26.0
10.0 34.75 29.0
10.0 37.0 34.0
10.0 39.25 33.0
10.0 41.5 31.0
10.0 43.75 35.0
10.0 46.0 27.0
10.0 48.25 31.0
10.0 50.5 22.0
10.0 52.75 22.0
10.0 55.0 26.0
10.0 57.25 31.0
10.0 59.5 27.0
10.0 61.75 18.0
10.0 64.0 23.0
10.0 66.25 19.0
10.0 68.5 21.0
10.0 70.75 18.0
10.0 73.0 26.0
10.0 75.25 20.0
10.0 77.5 24.0
10.0 79.75 29.0
10.0 82.0 18.0
10.0 84.25 29.0
10.0 86.5 35.0
10.0 88.75 27.0
10.0 91.0 24.0
10.0 93.25 20.0
10.0 95.5 28.0
10.0 97.75 25.0
10.0 100.0 13.0
12.5 10.0 44.0
12.5 12.25 39.0
12.5 14.5 35.0
12.5 16.75 27.0
12.5 19.0 25.0
12.5 21.25 29.0
12.5 23.5 36.0
12.5 25.75 27.0
12.5 28.0 29.0
12.5 30.25 37.0
12.5 32.5 33.0
12.5 34.75 25.0
12.5 37.0 31.0
12.5 39.25 38.0
12.5 41.5 23.0
12.5 43.75 27.0
12.5 46.0 34.0
12.5 48.25 27.0
12.5 50.5 16.0
12.5 52.75 19.0
12.5 55.0 23.0
12.5 57.25 28.0
12.5 59.5 27.0
12.5 61.75 30.0
12.5 64.0 23.0
12.5 66.25 20.0
12.5 68.5 19.0
12.5 70.75 21.0
12.5 73.0 21.0
12.5 75.25 25.0
12.5 77.5 18.0
12.5 79.75 28.0
12.5 82.0 28.0
12.5 84.25 35.0
12.5 86.5 34.0
12.5 88.75 24.0
12.5 91.0 27.0
12.5 93.25 28.0
12.5 95.5 27.0
12.5 97.75 29.0
12.5 100.0 15.0
15.0 10.0 47.0
15.0 12.25 40.0
15.0 14.5 31.0
15.0 16.75 27.0
15.0 19.0 21.0
15.0 21.25 19.0
15.0 23.5 26.0
15.0 25.75 23.0
15.0 28.0 27.0
15.0 30.25 17.0
15.0 32.5 28.0
15.0 34.75 17.0
15.0 37.0 24.0
15.0 39.25 30.0
15.0 41.5 30.0
15.0 43.75 27.0
15.0 46.0 26.0
15.0 48.25 18.0
15.0 50.5 17.0
15.0 52.75 19.0
15.0 55.0 16.0
15.0 57.25 29.0
15.0 59.5 31.0
15.0 61.75 29.0
15.0 64.0 26.0
15.0 66.25 27.0
15.0 68.5 19.0
15.0 70.75 19.0
15.0 73.0 19.0
15.0 75.25 26.0
15.0 77.5 18.0
15.0 79.75 23.0
15.0 82.0 27.0
15.0 84.25 23.0
15.0 86.5 27.0
15.0 88.75 25.0
15.0 91.0 27.0
15.0 93.25 26.0
15.0 95.5 25.0
15.0 97.75 23.0
15.0 100.0 12.0
17.5 10.0 49.0
17.5 12.25 39.0
17.5 14.5 35.0
17.5 16.75 23.0
17.5 19.0 28.0
17.5 21.25 26.0
17.5 23.5 15.0
17.5 25.75 22.0
17.5 28.0 22.0
17.5 30.25 25.0
17.5 32.5 20.0
17.5 34.75 22.0
17.5 37.0 30.0
17.5 39.25 37.0
17.5 41.5 23.0
17.5 43.75 25.0
17.5 46.0 22.0
17.5 48.25 17.0
17.5 50.5 27.0
17.5 52.75 24.0
17.5 55.0 21.0
17.5 57.25 25.0
17.5 59.5 20.0
17.5 61.75 30.0
17.5 64.0 22.0
17.5 66.25 13.0
17.5 68.5 21.0
17.5 70.75 19.0
17.5 73.0 19.0
17.5 75.25 19.0
17.5 77.5 20.0
17.5 79.75 26.0
17.5 82.0 31.0
17.5 84.25 21.0
17.5 86.5 21.0
17.5 88.75 25.0
17.5 91.0 22.0
17.5 93.25 23.0
17.5 95.5 21.0
17.5 97.75 25.0
17.5 100.0 16.0
20.0 10.0 67.0
20.0 12.25 65.0
20.0 14.5 41.0
20.0 16.75 27.0
20.0 19.0 27.0
20.0 21.25 21.0
20.0 23.5 17.0
20.0 25.75 16.0
20.0 28.0 19.0
20.0 30.25 19.0
20.0 32.5 28.0
20.0 34.75 15.0
20.0 37.0 24.0
20.0 39.25 23.0
20.0 41.5 17.0
20.0 43.75 18.0
20.0 46.0 22.0
20.0 48.25 19.0
20.0 50.5 16.0
20.0 52.75 24.0
20.0 55.0 24.0
20.0 57.25 17.0
20.0 59.5 23.0
20.0 61.75 26.0
20.0 64.0 22.0
20.0 66.25 14.0
20.0 68.5 26.0
20.0 70.75 19.0
20.0 73.0 24.0
20.0 75.25 16.0
20.0 77.5 19.0
20.0 79.75 17.0
20.0 82.0 17.0
20.0 84.25 17.0
20.0 86.5 21.0
20.0 88.75 20.0
20.0 91.0 23.0
20.0 93.25 25.0
20.0 95.5 27.0
20.0 97.75 14.0
20.0 100.0 12.0
22.5 10.0 72.0
22.5 12.25 57.0
22.5 14.5 54.0
22.5 16.75 21.0
22.5 19.0 22.0
22.5 21.25 17.0
22.5 23.5 15.0
22.5 25.75 26.0
22.5 28.0 27.0
22.5 30.25 18.0
22.5 32.5 21.0
22.5 34.75 21.0
22.5 37.0 22.0
22.5 39.25 24.0
22.5 41.5 16.0
22.5 43.75 19.0
22.5 46.0 22.0
22.5 48.25 17.0
22.5 50.5 18.0
22.5 52.75 15.0
22.5 55.0 30.0
22.5 57.25 12.0
22.5 59.5 16.0
22.5 61.75 21.0
22.5 64.0 26.0
22.5 66.25 14.0
22.5 68.5 13.0
22.5 70.75 20.0
22.5 73.0 18.0
22.5 75.25 14.0
22.5 77.5 19.0
22.5 79.75 20.0
22.5 82.0 26.0
22.5 84.25 23.0
22.5 86.5 17.0
22.5 88.75 28.0
22.5 91.0 30.0
22.5 93.25 24.0
22.5 95.5 23.0
22.5 97.75 25.0
22.5 100.0 12.0
25.0 10.0 80.0
25.0 12.25 59.0
25.0 14.5 49.0
25.0 16.75 26.0
25.0 19.0 38.0
25.0 21.25 23.0
25.0 23.5 12.0
25.0 25.75 27.0
25.0 28.0 19.0
25.0 30.25 9.0
25.0 32.5 19.0
25.0 34.75 14.0
25.0 37.0 25.0
25.0 39.25 18.0
25.0 41.5 15.0
25.0 43.75 22.0
25.0 46.0 16.0
25.0 48.25 18.0
25.0 50.5 20.0
25.0 52.75 14.0
25.0 55.0 20.0
25.0 57.25 22.0
25.0 59.5 21.0
25.0 61.75 18.0
25.0 64.0 21.0
25.0 66.25 11.0
25.0 68.5 18.0
25.0 70.75 10.0
25.0 73.0 18.0
25.0 75.25 12.0
25.0 77.5 20.0
25.0 79.75 26.0
25.0 82.0 17.0
25.0 84.25 17.0
25.0 86.5 19.0
25.0 88.75 32.0
25.0 91.0 23.0
25.0 93.25 18.0
25.0 95.5 18.0
25.0 97.75 22.0
25.0 100.0 12.0
27.5 10.0 98.0
27.5 12.25 51.0
27.5 14.5 53.0
27.5 16.75 33.0
27.5 19.0 45.0
27.5 21.25 22.0
27.5 23.5 19.0
27.5 25.75 13.0
27.5 28.0 9.0
27.5 30.25 12.0
27.5 32.5 15.0
27.5 34.75 10.0
27.5 37.0 8.0
27.5 39.25 21.0
27.5 41.5 20.0
27.5 43.75 21.0
27.5 46.0 19.0
27.5 48.25 18.0
27.5 50.5 13.0
27.5 52.75 12.0
27.5 55.0 17.0
27.5 57.25 25.0
27.5 59.5 18.0
27.5 61.75 18.0
27.5 64.0 25.0
27.5 66.25 13.0
27.5 68.5 17.0
27.5 70.75 20.0
27.5 73.0 23.0
27.5 75.25 17.0
27.5 77.5 15.0
27.5 79.75 19.0
27.5 82.0 24.0
27.5 84.25 19.0
27.5 86.5 21.0
27.5 88.75 20.0
27.5 91.0 23.0
27.5 93.25 20.0
27.5 95.5 33.0
27.5 97.75 29.0
27.5 100.0 17.0
30.0 10.0 75.0
30.0 12.25 83.0
30.0 14.5 59.0
30.0 16.75 46.0
30.0 19.0 47.0
30.0 21.25 24.0
30.0 23.5 25.0
30.0 25.75 13.0
30.0 28.0 11.0
30.0 30.25 10.0
30.0 32.5 17.0
30.0 34.75 14.0
30.0 37.0 19.0
30.0 39.25 15.0
30.0 41.5 17.0
30.0 43.75 13.0
30.0 46.0 17.0
30.0 48.25 19.0
30.0 50.5 14.0
30.0 52.75 19.0
30.0 55.0 10.0
30.0 57.25 12.0
30.0 59.5 18.0
30.0 61.75 19.0
30.0 64.0 17.0
30.0 66.25 12.0
30.0 68.5 15.0
30.0 70.75 14.0
30.0 73.0 17.0
30.0 75.25 14.0
30.0 77.5 14.0
30.0 79.75 18.0
30.0 82.0 14.0
30.0 84.25 13.0
30.0 86.5 22.0
30.0 88.75 20.0
30.0 91.0 28.0
30.0 93.25 24.0
30.0 95.5 14.0
30.0 97.75 21.0
30.0 100.0 17.0
32.5 10.0 110.0
32.5 12.25 81.0
32.5 14.5 70.0
32.5 16.75 44.0
32.5 19.0 48.0
32.5 21.25 29.0
32.5 23.5 26.0
32.5 25.75 20.0
32.5 28.0 17.0
32.5 30.25 16.0
32.5 32.5 12.0
32.5 34.75 11.0
32.5 37.0 14.0
32.5 39.25 14.0
32.5 41.5 13.0
32.5 43.75 11.0
32.5 46.0 11.0
32.5 48.25 12.0
32.5 50.5 10.0
32.5 52.75 15.0
32.5 55.0 13.0
32.5 57.25 18.0
32.5 59.5 17.0
32.5 61.75 26.0
32.5 64.0 23.0
32.5 66.25 13.0
32.5 68.5 7.0
32.5 70.75 18.0
32.5 73.0 16.0
32.5 75.25 20.0
32.5 77.5 19.0
32.5 79.75 20.0
32.5 82.0 24.0
32.5 84.25 17.0
32.5 86.5 19.0
32.5 88.75 26.0
32.5 91.0 20.0
32.5 93.25 21.0
32.5 95.5 19.0
32.5 97.75 24.0
32.5 100.0 13.0
35.0 10.0 88.0
35.0 12.25 92.0
35.0 14.5 73.0
35.0 16.75 49.0
35.0 19.0 39.0
35.0 21.25 35.0
35.0 23.5 37.0
35.0 25.75 20.0
35.0 28.0 24.0
35.0 30.25 11.0
35.0 32.5 6.0
35.0 34.75 19.0
35.0 37.0 12.0
35.0 39.25 12.0
35.0 41.5 8.0
35.0 43.75 13.0
35.0 46.0 18.0
35.0 48.25 20.0
35.0 50.5 12.0
35.0 52.75 14.0
35.0 55.0 17.0
35.0 57.25 23.0
35.0 59.5 17.0
35.0 61.75 23.0
35.0 64.0 23.0
35.0 66.25 14.0
35.0 68.5 13.0
35.0 70.75 7.0
35.0 73.0 14.0
35.0 75.25 15.0
35.0 77.5 16.0
35.0 79.75 16.0
35.0 82.0 16.0
35.0 84.25 15.0
35.0 86.5 17.0
35.0 88.75 18.0
35.0 91.0 16.0
35.0 93.25 22.0
35.0 95.5 14.0
35.0 97.75 16.0
35.0 100.0 11.0
37.5 10.0 128.0
37.5 12.25 80.0
37.5 14.5 64.0
37.5 16.75 51.0
37.5 19.0 46.0
37.5 21.25 34.0
37.5 23.5 24.0
37.5 25.75 31.0
37.5 28.0 20.0
37.5 30.25 11.0
37.5 32.5 14.0
37.5 34.75 19.0
37.5 37.0 13.0
37.5 39.25 8.0
37.5 41.5 2.0
37.5 43.75 7.0
37.5 46.0 12.0
37.5 48.25 13.0
37.5 50.5 16.0
37.5 52.75 17.0
37.5 55.0 17.0
37.5 57.25 15.0
37.5 59.5 16.0
37.5 61.75 16.0
37.5 64.0 21.0
37.5 66.25 14.0
37.5 68.5 9.0
37.5 70.75 15.0
37.5 73.0 14.0
37.5 75.25 16.0
37.5 77.5 11.0
37.5 79.75 14.0
37.5 82.0 13.0
37.5 84.25 19.0
37.5 86.5 20.0
37.5 88.75 20.0
37.5 91.0 17.0
37.5 93.25 21.0
37.5 95.5 23.0
37.5 97.75 17.0
37.5 100.0 9.0
40.0 10.0 104.0
40.0 12.25 104.0
40.0 14.5 86.0
40.0 16.75 59.0
40.0 19.0 56.0
40.0 21.25 41.0
40.0 23.5 45.0
40.0 25.75 32.0
40.0 28.0 26.0
40.0 30.25 15.0
40.0 32.5 24.0
40.0 34.75 19.0
40.0 37.0 15.0
40.0 39.25 11.0
40.0 41.5 5.0
40.0 43.75 11.0
40.0 46.0 12.0
40.0 48.25 15.0
40.0 50.5 11.0
40.0 52.75 18.0
40.0 55.0 14.0
40.0 57.25 12.0
40.0 59.5 15.0
40.0 61.75 20.0
40.0 64.0 16.0
40.0 66.25 10.0
40.0 68.5 10.0
40.0 70.75 14.0
40.0 73.0 11.0
40.0 75.25 12.0
40.0 77.5 19.0
40.0 79.75 18.0
40.0 82.0 18.0
40.0 84.25 18.0
40.0 86.5 14.0
40.0 88.75 15.0
40.0 91.0 20.0
40.0 93.25 19.0
40.0 95.5 20.0
40.0 97.75 15.0
40.0 100.0 10.0
42.5 10.0 127.0
42.5 12.25 99.0
42.5 14.5 73.0
42.5 16.75 57.0
42.5 19.0 48.0
42.5 21.25 47.0
42.5 23.5 43.0
42.5 25.75 37.0
42.5 28.0 33.0
42.5 30.25 20.0
42.5 32.5 21.0
42.5 34.75 16.0
42.5 37.0 16.0
42.5 39.25 13.0
42.5 41.5 10.0
42.5 43.75 7.0
42.5 46.0 12.0
42.5 48.25 3.0
42.5 50.5 14.0
42.5 52.75 10.0
42.5 55.0 10.0
42.5 57.25 10.0
42.5 59.5 13.0
42.5 61.75 15.0
42.5 64.0 11.0
42.5 66.25 10.0
42.5 68.5 12.0
42.5 70.75 13.0
42.5 73.0 13.0
42.5 75.25 15.0
42.5 77.5 12.0
42.5 79.75 22.0
42.5 82.0 15.0
42.5 84.25 16.0
42.5 86.5 15.0
42.5 88.75 13.0
42.5 91.0 24.0
42.5 93.25 18.0
42.5 95.5 17.0
42.5 97.75 19.0
42.5 100.0 8.0
45.0 10.0 135.0
45.0 12.25 132.0
45.0 14.5 108.0
45.0 16.75 74.0
45.0 19.0 61.0
45.0 21.25 44.0
45.0 23.5 53.0
45.0 25.75 32.0
45.0 28.0 32.0
45.0 30.25 28.0
45.0 32.5 18.0
45.0 34.75 19.0
45.0 37.0 19.0
45.0 39.25 11.0
45.0 41.5 6.0
45.0 43.75 11.0
45.0 46.0 8.0
45.0 48.25 12.0
45.0 50.5 13.0
45.0 52.75 9.0
45.0 55.0 12.0
45.0 57.25 12.0
45.0 59.5 11.0
45.0 61.75 11.0
45.0 64.0 12.0
45.0 66.25 10.0
45.0 68.5 11.0
45.0 70.75 9.0
45.0 73.0 9.0
45.0 75.25 11.0
45.0 77.5 10.0
45.0 79.75 15.0
45.0 82.0 14.0
45.0 84.25 15.0
45.0 86.5 8.0
45.0 88.75 13.0
45.0 91.0 15.0
45.0 93.25 18.0
45.0 95.5 15.0
45.0 97.75 15.0
45.0 100.0 6.0
47.5 10.0 127.0
47.5 12.25 103.0
47.5 14.5 78.0
47.5 16.75 67.0
47.5 19.0 53.0
47.5 21.25 48.0
47.5 23.5 32.0
47.5 25.75 28.0
47.5 28.0 26.0
47.5 30.25 32.0
47.5 32.5 23.0
47.5 34.75 23.0
47.5 37.0 13.0
47.5 39.25 13.0
47.5 41.5 15.0
47.5 43.75 10.0
47.5 46.0 11.0
47.5 48.25 8.0
47.5 50.5 8.0
47.5 52.75 6.0
47.5 55.0 9.0
47.5 57.25 9.0
47.5 59.5 8.0
47.5 61.75 9.0
47.5 64.0 15.0
47.5 66.25 15.0
47.5 68.5 6.0
47.5 70.75 14.0
47.5 73.0 9.0
47.5 75.25 14.0
47.5 77.5 10.0
47.5 79.75 17.0
47.5 82.0 16.0
47.5 84.25 16.0
47.5 86.5 15.0
47.5 88.75 15.0
47.5 91.0 20.0
47.5 93.25 21.0
47.5 95.5 19.0
47.5 97.75 13.0
47.5 100.0 11.0
50.0 10.0 138.0
50.0 12.25 109.0
50.0 14.5 96.0
50.0 16.75 65.0
50.0 19.0 65.0
50.0 21.25 46.0
50.0 23.5 51.0
50.0 25.75 27.0
50.0 28.0 25.0
50.0 30.25 16.0
50.0 32.5 31.0
50.0 34.75 19.0
50.0 37.0 20.0
50.0 39.25 18.0
50.0 41.5 7.0
50.0 43.75 12.0
50.0 46.0 15.0
50.0 48.25 9.0
50.0 50.5 6.0
50.0 52.75 12.0
50.0 55.0 5.0
50.0 57.25 9.0
50.0 59.5 11.0
50.0 61.75 10.0
50.0 64.0 9.0
50.0 66.25 5.0
50.0 68.5 9.0
50.0 70.75 8.0
50.0 73.0 19.0
50.0 75.25 11.0
50.0 77.5 5.0
50.0 79.75 14.0
50.0 82.0 12.0
50.0 84.25 14.0
50.0 86.5 14.0
50.0 88.75 23.0
50.0 91.0 15.0
50.0 93.25 15.0
50.0 95.5 22.0
50.0 97.75 17.0
50.0 100.0 8.0
