-50.0 10.0 618.0
-50.0 12.25 514.0
-50.0 14.5 405.0
-50.0 16.75 385.0
-50.0 19.0 328.0
-50.0 21.25 324.0
-50.0 23.5 294.0
-50.0 25.75 267.0
-50.0 28.0 263.0
-50.0 30.25 247.0
-50.0 32.5 232.0
-50.0 34.75 201.0
-50.0 37.0 211.0
-50.0 39.25 228.0
-50.0 41.5 182.0
-50.0 43.75 179.0
-50.0 46.0 179.0
-50.0 48.25 187.0
-50.0 50.5 150.0
-50.0 52.75 135.0
-50.0 55.0 154.0
-50.0 57.25 144.0
-50.0 59.5 161.0
-50.0 61.75 157.0
-50.0 64.0 175.0
-50.0 66.25 114.0
-50.0 68.5 116.0
-50.0 70.75 114.0
-50.0 73.0 120.0
-50.0 75.25 132.0
-50.0 77.5 113.0
-50.0 79.75 127.0
-50.0 82.0 118.0
-50.0 84.25 139.0
-50.0 86.5 124.0
-50.0 88.75 132.0
-50.0 91.0 122.0
-50.0 93.25 139.0
-50.0 95.5 139.0
-50.0 97.75 140.0
-50.0 100.0 70.0
-47.5 10.0 535.0
-47.5 12.25 465.0
-47.5 14.5 395.0
-47.5 16.75 337.0
-47.5 19.0 326.0
-47.5 21.25 305.0
-47.5 23.5 279.0
-47.5 25.75 244.0
-47.5 28.0 243.0
-47.5 30.25 233.0
-47.5 32.5 237.0
-47.5 34.75 214.0
-47.5 37.0 198.0
-47.5 39.25 228.0
-47.5 41.5 174.0
-47.5 43.75 171.0
-47.5 46.0 178.0
-47.5 48.25 168.0
-47.5 50.5 139.0
-47.5 52.75 135.0
-47.5 55.0 146.0
-47.5 57.25 140.0
-47.5 59.5 157.0
-47.5 61.75 170.0
-47.5 64.0 161.0
-47.5 66.25 105.0
-47.5 68.5 112.0
-47.5 70.75 106.0
-47.5 73.0 114.0
-47.5 75.25 118.0
-47.5 77.5 112.0
-47.5 79.75 117.0
-47.5 82.0 120.0
-47.5 84.25 129.0
-47.5 86.5 136.0
-47.5 88.75 123.0
-47.5 91.0 127.0
-47.5 93.25 133.0
-47.5 95.5 130.0
-47.5 97.75 129.0
-47.5 100.0 58.0
-45.0 10.0 587.0
-45.0 12.25 475.0
-45.0 14.5 406.0
-45.0 16.75 380.0
-45.0 19.0 336.0
-45.0 21.25 306.0
-45.0 23.5 297.0
-45.0 25.75 270.0
-45.0 28.0 277.0
-45.0 30.25 238.0
-45.0 32.5 236.0
-45.0 34.75 217.0
-45.0 37.0 219.0
-45.0 39.25 227.0
-45.0 41.5 191.0
-45.0 43.75 182.0
-45.0 46.0 198.0
-45.0 48.25 190.0
-45.0 50.5 144.0
-45.0 52.75 148.0
-45.0 55.0 143.0
-45.0 57.25 156.0
-45.0 59.5 171.0
-45.0 61.75 160.0
-45.0 64.0 180.0
-45.0 66.25 113.0
-45.0 68.5 108.0
-45.0 70.75 117.0
-45.0 73.0 123.0
-45.0 75.25 127.0
-45.0 77.5 117.0
-45.0 79.75 126.0
-45.0 82.0 126.0
-45.0 84.25 130.0
-45.0 86.5 134.0
-45.0 88.75 139.0
-45.0 91.0 124.0
-45.0 93.25 136.0
-45.0 95.5 137.0
-45.0 97.75 127.0
-45.0 100.0 69.0
-42.5 10.0 546.0
-42.5 12.25 465.0
-42.5 14.5 396.0
-42.5 16.75 334.0
-42.5 19.0 324.0
-42.5 21.25 309.0
-42.5 23.5 263.0
-42.5 25.75 250.0
-42.5 28.0 273.0
-42.5 30.25 231.0
-42.5 32.5 229.0
-42.5 34.75 192.0
-42.5 37.0 208.0
-42.5 39.25 214.0
-42.5 41.5 179.0
-42.5 43.75 173.0
-42.5 46.0 185.0
-42.5 48.25 166.0
-42.5 50.5 129.0
-42.5 52.75 143.0
-42.5 55.0 142.0
-42.5 57.25 150.0
-42.5 59.5 146.0
-42.5 61.75 148.0
-42.5 64.0 163.0
-42.5 66.25 105.0
-42.5 68.5 88.0
-42.5 70.75 110.0
-42.5 73.0 107.0
-42.5 75.25 120.0
-42.5 77.5 108.0
-42.5 79.75 129.0
-42.5 82.0 117.0
-42.5 84.25 122.0
-42.5 86.5 132.0
-42.5 88.75 118.0
-42.5 91.0 135.0
-42.5 93.25 128.0
-42.5 95.5 133.0
-42.5 97.75 132.0
-42.5 100.0 69.0
-40.0 10.0 542.0
-40.0 12.25 474.0
-40.0 14.5 375.0
-40.0 16.75 359.0
-40.0 19.0 297.0
-40.0 21.25 320.0
-40.0 23.5 268.0
-40.0 25.75 264.0
-40.0 28.0 259.0
-40.0 30.25 227.0
-40.0 32.5 224.0
-40.0 34.75 210.0
-40.0 37.0 220.0
-40.0 39.25 222.0
-40.0 41.5 185.0
-40.0 43.75 168.0
-40.0 46.0 183.0
-40.0 48.25 172.0
-40.0 50.5 133.0
-40.0 52.75 140.0
-40.0 55.0 150.0
-40.0 57.25 143.0
-40.0 59.5 162.0
-40.0 61.75 150.0
-40.0 64.0 148.0
-40.0 66.25 109.0
-40.0 68.5 97.0
-40.0 70.75 120.0
-40.0 73.0 109.0
-40.0 75.25 117.0
-40.0 77.5 124.0
-40.0 79.75 126.0
-40.0 82.0 130.0
-40.0 84.25 121.0
-40.0 86.5 124.0
-40.0 88.75 139.0
-40.0 91.0 127.0
-40.0 93.25 141.0
-40.0 95.5 132.0
-40.0 97.75 138.0
-40.0 100.0 69.0
-37.5 10.0 485.0
-37.5 12.25 397.0
-37.5 14.5 355.0
-37.5 16.75 307.0
-37.5 19.0 290.0
-37.5 21.25 282.0
-37.5 23.5 253.0
-37.5 25.75 228.0
-37.5 28.0 225.0
-37.5 30.25 225.0
-37.5 32.5 219.0
-37.5 34.75 200.0
-37.5 37.0 201.0
-37.5 39.25 192.0
-37.5 41.5 178.0
-37.5 43.75 149.0
-37.5 46.0 181.0
-37.5 48.25 165.0
-37.5 50.5 144.0
-37.5 52.75 135.0
-37.5 55.0 133.0
-37.5 57.25 152.0
-37.5 59.5 136.0
-37.5 61.75 153.0
-37.5 64.0 156.0
-37.5 66.25 97.0
-37.5 68.5 105.0
-37.5 70.75 104.0
-37.5 73.0 108.0
-37.5 75.25 110.0
-37.5 77.5 114.0
-37.5 79.75 123.0
-37.5 82.0 126.0
-37.5 84.25 125.0
-37.5 86.5 118.0
-37.5 88.75 131.0
-37.5 91.0 125.0
-37.5 93.25 128.0
-37.5 95.5 119.0
-37.5 97.75 112.0
-37.5 100.0 59.0
-35.0 10.0 497.0
-35.0 12.25 434.0
-35.0 14.5 336.0
-35.0 16.75 320.0
-35.0 19.0 297.0
-35.0 21.25 264.0
-35.0 23.5 252.0
-35.0 25.75 236.0
-35.0 28.0 226.0
-35.0 30.25 219.0
-35.0 32.5 204.0
-35.0 34.75 185.0
-35.0 37.0 188.0
-35.0 39.25 224.0
-35.0 41.5 156.0
-35.0 43.75 167.0
-35.0 46.0 163.0
-35.0 48.25 154.0
-35.0 50.5 134.0
-35.0 52.75 130.0
-35.0 55.0 138.0
-35.0 57.25 128.0
-35.0 59.5 142.0
-35.0 61.75 147.0
-35.0 64.0 149.0
-35.0 66.25 102.0
-35.0 68.5 94.0
-35.0 70.75 101.0
-35.0 73.0 104.0
-35.0 75.25 114.0
-35.0 77.5 103.0
-35.0 79.75 110.0
-35.0 82.0 113.0
-35.0 84.25 117.0
-35.0 86.5 130.0
-35.0 88.75 123.0
-35.0 91.0 116.0
-35.0 93.25 124.0
-35.0 95.5 122.0
-35.0 97.75 123.0
-35.0 100.0 57.0
-32.5 10.0 448.0
-32.5 12.25 397.0
-32.5 14.5 317.0
-32.5 16.75 294.0
-32.5 19.0 262.0
-32.5 21.25 254.0
-32.5 23.5 218.0
-32.5 25.75 218.0
-32.5 28.0 215.0
-32.5 30.25 199.0
-32.5 32.5 205.0
-32.5 34.75 171.0
-32.5 37.0 184.0
-32.5 39.25 197.0
-32.5 41.5 150.0
-32.5 43.75 161.0
-32.5 46.0 165.0
-32.5 48.25 157.0
-32.5 50.5 122.0
-32.5 52.75 119.0
-32.5 55.0 129.0
-32.5 57.25 134.0
-32.5 59.5 150.0
-32.5 61.75 140.0
-32.5 64.0 145.0
-32.5 66.25 90.0
-32.5 68.5 106.0
-32.5 70.75 110.0
-32.5 73.0 94.0
-32.5 75.25 108.0
-32.5 77.5 103.0
-32.5 79.75 119.0
-32.5 82.0 105.0
-32.5 84.25 116.0
-32.5 86.5 114.0
-32.5 88.75 122.0
-32.5 91.0 124.0
-32.5 93.25 105.0
-32.5 95.5 110.0
-32.5 97.75 121.0
-32.5 100.0 63.0
-30.0 10.0 467.0
-30.0 12.25 374.0
-30.0 14.5 319.0
-30.0 16.75 303.0
-30.0 19.0 277.0
-30.0 21.25 259.0
-30.0 23.5 230.0
-30.0 25.75 223.0
-30.0 28.0 222.0
-30.0 30.25 223.0
-30.0 32.5 195.0
-30.0 34.75 180.0
-30.0 37.0 185.0
-30.0 39.25 202.0
-30.0 41.5 155.0
-30.0 43.75 150.0
-30.0 46.0 163.0
-30.0 48.25 161.0
-30.0 50.5 119.0
-30.0 52.75 115.0
-30.0 55.0 126.0
-30.0 57.25 138.0
-30.0 59.5 129.0
-30.0 61.75 143.0
-30.0 64.0 144.0
-30.0 66.25 93.0
-30.0 68.5 94.0
-30.0 70.75 104.0
-30.0 73.0 98.0
-30.0 75.25 112.0
-30.0 77.5 104.0
-30.0 79.75 111.0
-30.0 82.0 123.0
-30.0 84.25 121.0
-30.0 86.5 109.0
-30.0 88.75 125.0
-30.0 91.0 111.0
-30.0 93.25 118.0
-30.0 95.5 110.0
-30.0 97.75 140.0
-30.0 100.0 68.0
-27.5 10.0 435.0
-27.5 12.25 345.0
-27.5 14.5 282.0
-27.5 16.75 248.0
-27.5 19.0 246.0
-27.5 21.25 234.0
-27.5 23.5 218.0
-27.5 25.75 193.0
-27.5 28.0 199.0
-27.5 30.25 186.0
-27.5 32.5 180.0
-27.5 34.75 164.0
-27.5 37.0 175.0
-27.5 39.25 186.0
-27.5 41.5 149.0
-27.5 43.75 143.0
-27.5 46.0 169.0
-27.5 48.25 161.0
-27.5 50.5 115.0
-27.5 52.75 116.0
-27.5 55.0 128.0
-27.5 57.25 122.0
-27.5 59.5 132.0
-27.5 61.75 127.0
-27.5 64.0 147.0
-27.5 66.25 89.0
-27.5 68.5 99.0
-27.5 70.75 99.0
-27.5 73.0 91.0
-27.5 75.25 110.0
-27.5 77.5 109.0
-27.5 79.75 97.0
-27.5 82.0 114.0
-27.5 84.25 104.0
-27.5 86.5 109.0
-27.5 88.75 115.0
-27.5 91.0 109.0
-27.5 93.25 113.0
-27.5 95.5 116.0
-27.5 97.75 115.0
-27.5 100.0 56.0
-25.0 10.0 405.0
-25.0 12.25 347.0
-25.0 14.5 287.0
-25.0 16.75 248.0
-25.0 19.0 230.0
-25.0 21.25 233.0
-25.0 23.5 219.0
-25.0 25.75 217.0
-25.0 28.0 204.0
-25.0 30.25 178.0
-25.0 32.5 190.0
-25.0 34.75 160.0
-25.0 37.0 173.0
-25.0 39.25 184.0
-25.0 41.5 151.0
-25.0 43.75 152.0
-25.0 46.0 152.0
-25.0 48.25 134.0
-25.0 50.5 129.0
-25.0 52.75 102.0
-25.0 55.0 131.0
-25.0 57.25 122.0
-25.0 59.5 125.0
-25.0 61.75 120.0
-25.0 64.0 146.0
-25.0 66.25 89.0
-25.0 68.5 88.0
-25.0 70.75 80.0
-25.0 73.0 95.0
-25.0 75.25 90.0
-25.0 77.5 96.0
-25.0 79.75 97.0
-25.0 82.0 111.0
-25.0 84.25 115.0
-25.0 86.5 116.0
-25.0 88.75 125.0
-25.0 91.0 111.0
-25.0 93.25 111.0
-25.0 95.5 121.0
-25.0 97.75 115.0
-25.0 100.0 59.0
-22.5 10.0 382.0
-22.5 12.25 293.0
-22.5 14.5 248.0
-22.5 16.75 251.0
-22.5 19.0 223.0
-22.5 21.25 215.0
-22.5 23.5 184.0
-22.5 25.75 192.0
-22.5 28.0 191.0
-22.5 30.25 185.0
-22.5 32.5 174.0
-22.5 34.75 153.0
-22.5 37.0 154.0
-22.5 39.25 167.0
-22.5 41.5 129.0
-22.5 43.75 141.0
-22.5 46.0 128.0
-22.5 48.25 131.0
-22.5 50.5 112.0
-22.5 52.75 115.0
-22.5 55.0 117.0
-22.5 57.25 120.0
-22.5 59.5 118.0
-22.5 61.75 119.0
-22.5 64.0 131.0
-22.5 66.25 83.0
-22.5 68.5 83.0
-22.5 70.75 86.0
-22.5 73.0 92.0
-22.5 75.25 92.0
-22.5 77.5 91.0
-22.5 79.75 108.0
-22.5 82.0 96.0
-22.5 84.25 109.0
-22.5 86.5 115.0
-22.5 88.75 109.0
-22.5 91.0 113.0
-22.5 93.25 108.0
-22.5 95.5 120.0
-22.5 97.75 110.0
-22.5 100.0 63.0
-20.0 10.0 371.0
-20.0 12.25 316.0
-20.0 14.5 259.0
-20.0 16.75 227.0
-20.0 19.0 235.0
-20.0 21.25 220.0
-20.0 23.5 184.0
-20.0 25.75 203.0
-20.0 28.0 181.0
-20.0 30.25 182.0
-20.0 32.5 177.0
-20.0 34.75 163.0
-20.0 37.0 170.0
-20.0 39.25 178.0
-20.0 41.5 130.0
-20.0 43.75 127.0
-20.0 46.0 142.0
-20.0 48.25 143.0
-20.0 50.5 113.0
-20.0 52.75 108.0
-20.0 55.0 116.0
-20.0 57.25 118.0
-20.0 59.5 114.0
-20.0 61.75 113.0
-20.0 64.0 126.0
-20.0 66.25 82.0
-20.0 68.5 80.0
-20.0 70.75 88.0
-20.0 73.0 90.0
-20.0 75.25 100.0
-20.0 77.5 92.0
-20.0 79.75 113.0
-20.0 82.0 104.0
-20.0 84.25 109.0
-20.0 86.5 110.0
-20.0 88.75 106.0
-20.0 91.0 110.0
-20.0 93.25 120.0
-20.0 95.5 112.0
-20.0 97.75 114.0
-20.0 100.0 59.0
-17.5 10.0 298.0
-17.5 12.25 284.0
-17.5 14.5 224.0
-17.5 16.75 205.0
-17.5 19.0 195.0
-17.5 21.25 211.0
-17.5 23.5 182.0
-17.5 25.75 176.0
-17.5 28.0 168.0
-17.5 30.25 165.0
-17.5 32.5 167.0
-17.5 34.75 142.0
-17.5 37.0 146.0
-17.5 39.25 152.0
-17.5 41.5 128.0
-17.5 43.75 128.0
-17.5 46.0 141.0
-17.5 48.25 123.0
-17.5 50.5 104.0
-17.5 52.75 99.0
-17.5 55.0 102.0
-17.5 57.25 110.0
-17.5 59.5 127.0
-17.5 61.75 120.0
-17.5 64.0 124.0
-17.5 66.25 87.0
-17.5 68.5 75.0
-17.5 70.75 82.0
-17.5 73.0 85.0
-17.5 75.25 87.0
-17.5 77.5 88.0
-17.5 79.75 98.0
-17.5 82.0 94.0
-17.5 84.25 97.0
-17.5 86.5 101.0
-17.5 88.75 112.0
-17.5 91.0 112.0
-17.5 93.25 118.0
-17.5 95.5 108.0
-17.5 97.75 107.0
-17.5 100.0 49.0
-15.0 10.0 328.0
-15.0 12.25 285.0
-15.0 14.5 209.0
-15.0 16.75 212.0
-15.0 19.0 189.0
-15.0 21.25 200.0
-15.0 23.5 178.0
-15.0 25.75 170.0
-15.0 28.0 174.0
-15.0 30.25 159.0
-15.0 32.5 164.0
-15.0 34.75 150.0
-15.0 37.0 140.0
-15.0 39.25 158.0
-15.0 41.5 122.0
-15.0 43.75 112.0
-15.0 46.0 144.0
-15.0 48.25 114.0
-15.0 50.5 96.0
-15.0 52.75 100.0
-15.0 55.0 116.0
-15.0 57.25 106.0
-15.0 59.5 118.0
-15.0 61.75 109.0
-15.0 64.0 133.0
-15.0 66.25 78.0
-15.0 68.5 83.0
-15.0 70.75 81.0
-15.0 73.0 95.0
-15.0 75.25 95.0
-15.0 77.5 91.0
-15.0 79.75 91.0
-15.0 82.0 103.0
-15.0 84.25 106.0
-15.0 86.5 88.0
-15.0 88.75 94.0
-15.0 91.0 102.0
-15.0 93.25 110.0
-15.0 95.5 104.0
-15.0 97.75 119.0
-15.0 100.0 52.0
-12.5 10.0 270.0
-12.5 12.25 222.0
-12.5 14.5 185.0
-12.5 16.75 186.0
-12.5 19.0 163.0
-12.5 21.25 169.0
-12.5 23.5 159.0
-12.5 25.75 152.0
-12.5 28.0 149.0
-12.5 30.25 143.0
-12.5 32.5 158.0
-12.5 34.75 130.0
-12.5 37.0 130.0
-12.5 39.25 143.0
-12.5 41.5 100.0
-12.5 43.75 110.0
-12.5 46.0 133.0
-12.5 48.25 121.0
-12.5 50.5 98.0
-12.5 52.75 92.0
-12.5 55.0 107.0
-12.5 57.25 98.0
-12.5 59.5 100.0
-12.5 61.75 111.0
-12.5 64.0 123.0
-12.5 66.25 77.0
-12.5 68.5 62.0
-12.5 70.75 79.0
-12.5 73.0 76.0
-12.5 75.25 77.0
-12.5 77.5 79.0
-12.5 79.75 93.0
-12.5 82.0 93.0
-12.5 84.25 98.0
-12.5 86.5 103.0
-12.5 88.75 96.0
-12.5 91.0 93.0
-12.5 93.25 103.0
-12.5 95.5 98.0
-12.5 97.75 100.0
-12.5 100.0 46.0
-10.0 10.0 277.0
-10.0 12.25 252.0
-10.0 14.5 198.0
-10.0 16.75 193.0
-10.0 19.0 176.0
-10.0 21.25 182.0
-10.0 23.5 140.0
-10.0 25.75 147.0
-10.0 28.0 155.0
-10.0 30.25 141.0
-10.0 32.5 143.0
-10.0 34.75 129.0
-10.0 37.0 138.0
-10.0 39.25 154.0
-10.0 41.5 125.0
-10.0 43.75 106.0
-10.0 46.0 131.0
-10.0 48.25 112.0
-10.0 50.5 100.0
-10.0 52.75 101.0
-10.0 55.0 98.0
-10.0 57.25 96.0
-10.0 59.5 101.0
-10.0 61.75 114.0
-10.0 64.0 120.0
-10.0 66.25 77.0
-10.0 68.5 78.0
-10.0 70.75 78.0
-10.0 73.0 81.0
-10.0 75.25 90.0
-10.0 77.5 85.0
-10.0 79.75 92.0
-10.0 82.0 95.0
-10.0 84.25 92.0
-10.0 86.5 85.0
-10.0 88.75 103.0
-10.0 91.0 98.0
-10.0 93.25 99.0
-10.0 95.5 100.0
-10.0 97.75 99.0
-10.0 100.0 56.0
-7.5 10.0 246.0
-7.5 12.25 195.0
-7.5 14.5 159.0
-7.5 16.75 176.0
-7.5 19.0 147.0
-7.5 21.25 163.0
-7.5 23.5 145.0
-7.5 25.75 132.0
-7.5 28.0 126.0
-7.5 30.25 133.0
-7.5 32.5 124.0
-7.5 34.75 116.0
-7.5 37.0 119.0
-7.5 39.25 133.0
-7.5 41.5 94.0
-7.5 43.75 100.0
-7.5 46.0 119.0
-7.5 48.25 96.0
-7.5 50.5 83.0
-7.5 52.75 79.0
-7.5 55.0 97.0
-7.5 57.25 96.0
-7.5 59.5 99.0
-7.5 61.75 91.0
-7.5 64.0 103.0
-7.5 66.25 81.0
-7.5 68.5 73.0
-7.5 70.75 73.0
-7.5 73.0 78.0
-7.5 75.25 78.0
-7.5 77.5 76.0
-7.5 79.75 73.0
-7.5 82.0 87.0
-7.5 84.25 97.0
-7.5 86.5 95.0
-7.5 88.75 85.0
-7.5 91.0 90.0
-7.5 93.25 104.0
-7.5 95.5 84.0
-7.5 97.75 100.0
-7.5 100.0 45.0
-5.0 10.0 210.0
-5.0 12.25 196.0
-5.0 14.5 159.0
-5.0 16.75 171.0
-5.0 19.0 143.0
-5.0 21.25 142.0
-5.0 23.5 128.0
-5.0 25.75 133.0
-5.0 28.0 121.0
-5.0 30.25 134.0
-5.0 32.5 122.0
-5.0 34.75 136.0
-5.0 37.0 108.0
-5.0 39.25 125.0
-5.0 41.5 113.0
-5.0 43.75 94.0
-5.0 46.0 121.0
-5.0 48.25 100.0
-5.0 50.5 87.0
-5.0 52.75 86.0
-5.0 55.0 88.0
-5.0 57.25 89.0
-5.0 59.5 101.0
-5.0 61.75 98.0
-5.0 64.0 109.0
-5.0 66.25 71.0
-5.0 68.5 58.0
-5.0 70.75 79.0
-5.0 73.0 78.0
-5.0 75.25 87.0
-5.0 77.5 82.0
-5.0 79.75 88.0
-5.0 82.0 87.0
-5.0 84.25 90.0
-5.0 86.5 98.0
-5.0 88.75 104.0
-5.0 91.0 89.0
-5.0 93.25 92.0
-5.0 95.5 98.0
-5.0 97.75 100.0
-5.0 100.0 48.0
-2.5 10.0 173.0
-2.5 12.25 166.0
-2.5 14.5 129.0
-2.5 16.75 138.0
-2.5 19.0 125.0
-2.5 21.25 125.0
-2.5 23.5 111.0
-2.5 25.75 123.0
-2.5 28.0 119.0
-2.5 30.25 113.0
-2.5 32.5 116.0
-2.5 34.75 101.0
-2.5 37.0 110.0
-2.5 39.25 121.0
-2.5 41.5 102.0
-2.5 43.75 94.0
-2.5 46.0 106.0
-2.5 48.25 85.0
-2.5 50.5 73.0
-2.5 52.75 91.0
-2.5 55.0 87.0
-2.5 57.25 89.0
-2.5 59.5 104.0
-2.5 61.75 94.0
-2.5 64.0 108.0
-2.5 66.25 76.0
-2.5 68.5 74.0
-2.5 70.75 63.0
-2.5 73.0 77.0
-2.5 75.25 73.0
-2.5 77.5 67.0
-2.5 79.75 77.0
-2.5 82.0 91.0
-2.5 84.25 81.0
-2.5 86.5 90.0
-2.5 88.75 90.0
-2.5 91.0 87.0
-2.5 93.25 82.0
-2.5 95.5 95.0
-2.5 97.75 94.0
-2.5 100.0 46.0
0.0 10.0 191.0
0.0 12.25 160.0
0.0 14.5 124.0
0.0 16.75 117.0
0.0 19.0 115.0
0.0 21.25 123.0
0.0 23.5 109.0
0.0 25.75 116.0
0.0 28.0 111.0
0.0 30.25 112.0
0.0 32.5 122.0
0.0 34.75 118.0
0.0 37.0 108.0
0.0 39.25 118.0
0.0 41.5 96.0
0.0 43.75 91.0
0.0 46.0 105.0
0.0 48.25 111.0
0.0 50.5 79.0
0.0 52.75 79.0
0.0 55.0 84.0
0.0 57.25 93.0
0.0 59.5 97.0
0.0 61.75 90.0
0.0 64.0 99.0
0.0 66.25 66.0
0.0 68.5 73.0
0.0 70.75 73.0
0.0 73.0 74.0
0.0 75.25 73.0
0.0 77.5 73.0
0.0 79.75 70.0
0.0 82.0 72.0
0.0 84.25 83.0
0.0 86.5 91.0
0.0 88.75 86.0
0.0 91.0 109.0
0.0 93.25 77.0
0.0 95.5 91.0
0.0 97.75 88.0
0.0 100.0 46.0
2.5 10.0 171.0
2.5 12.25 151.0
2.5 14.5 116.0
2.5 16.75 136.0
2.5 19.0 120.0
2.5 21.25 131.0
2.5 23.5 116.0
2.5 25.75 120.0
2.5 28.0 119.0
2.5 30.25 117.0
2.5 32.5 109.0
2.5 34.75 107.0
2.5 37.0 115.0
2.5 39.25 120.0
2.5 41.5 97.0
2.5 43.75 96.0
2.5 46.0 107.0
2.5 48.25 97.0
2.5 50.5 70.0
2.5 52.75 88.0
2.5 55.0 82.0
2.5 57.25 83.0
2.5 59.5 94.0
2.5 61.75 101.0
2.5 64.0 95.0
2.5 66.25 61.0
2.5 68.5 67.0
2.5 70.75 70.0
2.5 73.0 63.0
2.5 75.25 81.0
2.5 77.5 71.0
2.5 79.75 80.0
2.5 82.0 92.0
2.5 84.25 92.0
2.5 86.5 84.0
2.5 88.75 89.0
2.5 91.0 95.0
2.5 93.25 86.0
2.5 95.5 86.0
2.5 97.75 89.0
2.5 100.0 51.0
5.0 10.0 128.0
5.0 12.25 157.0
5.0 14.5 127.0
5.0 16.75 138.0
5.0 19.0 135.0
5.0 21.25 139.0
5.0 23.5 110.0
5.0 25.75 103.0
5.0 28.0 118.0
5.0 30.25 110.0
5.0 32.5 107.0
5.0 34.75 98.0
5.0 37.0 98.0
5.0 39.25 118.0
5.0 41.5 93.0
5.0 43.75 90.0
5.0 46.0 91.0
5.0 48.25 98.0
5.0 50.5 68.0
5.0 52.75 84.0
5.0 55.0 82.0
5.0 57.25 83.0
5.0 59.5 89.0
5.0 61.75 91.0
5.0 64.0 92.0
5.0 66.25 65.0
5.0 68.5 64.0
5.0 70.75 66.0
5.0 73.0 70.0
5.0 75.25 63.0
5.0 77.5 82.0
5.0 79.75 73.0
5.0 82.0 80.0
5.0 84.25 95.0
5.0 86.5 77.0
5.0 88.75 89.0
5.0 91.0 81.0
5.0 93.25 89.0
5.0 95.5 85.0
5.0 97.75 88.0
5.0 100.0 39.0
7.5 10.0 128.0
7.5 12.25 122.0
7.5 14.5 95.0
7.5 16.75 110.0
7.5 19.0 91.0
7.5 21.25 115.0
7.5 23.5 82.0
7.5 25.75 98.0
7.5 28.0 93.0
7.5 30.25 104.0
7.5 32.5 100.0
7.5 34.75 109.0
7.5 37.0 97.0
7.5 39.25 104.0
7.5 41.5 89.0
7.5 43.75 88.0
7.5 46.0 93.0
7.5 48.25 95.0
7.5 50.5 77.0
7.5 52.75 58.0
7.5 55.0 84.0
7.5 57.25 74.0
7.5 59.5 92.0
7.5 61.75 90.0
7.5 64.0 102.0
7.5 66.25 66.0
7.5 68.5 63.0
7.5 70.75 71.0
7.5 73.0 63.0
7.5 75.25 67.0
7.5 77.5 65.0
7.5 79.75 79.0
7.5 82.0 79.0
7.5 84.25 84.0
7.5 86.5 79.0
7.5 88.75 91.0
7.5 91.0 84.0
7.5 93.25 86.0
7.5 95.5 83.0
7.5 97.75 78.0
7.5 100.0 45.0
10.0 10.0 102.0
10.0 12.25 114.0
10.0 14.5 89.0
10.0 16.75 104.0
10.0 19.0 98.0
10.0 21.25 110.0
10.0 23.5 98.0
10.0 25.75 90.0
10.0 28.0 105.0
10.0 30.25 89.0
10.0 32.5 97.0
10.0 34.75 83.0
10.0 37.0 94.0
10.0 39.25 98.0
10.0 41.5 80.0
10.0 43.75 90.0
10.0 46.0 83.0
10.0 48.25 81.0
10.0 50.5 72.0
10.0 52.75 72.0
10.0 55.0 74.0
10.0 57.25 84.0
10.0 59.5 82.0
10.0 61.75 88.0
10.0 64.0 91.0
10.0 66.25 58.0
10.0 68.5 60.0
10.0 70.75 72.0
10.0 73.0 69.0
10.0 75.25 79.0
10.0 77.5 66.0
10.0 79.75 66.0
10.0 82.0 71.0
10.0 84.25 72.0
10.0 86.5 79.0
10.0 88.75 84.0
10.0 91.0 84.0
10.0 93.25 87.0
10.0 95.5 77.0
10.0 97.75 80.0
10.0 100.0 41.0
12.5 10.0 153.0
12.5 12.25 102.0
12.5 14.5 81.0
12.5 16.75 85.0
12.5 19.0 76.0
12.5 21.25 78.0
12.5 23.5 88.0
12.5 25.75 82.0
12.5 28.0 98.0
12.5 30.25 82.0
12.5 32.5 93.0
12.5 34.75 88.0
12.5 37.0 90.0
12.5 39.25 96.0
12.5 41.5 77.0
12.5 43.75 76.0
12.5 46.0 85.0
12.5 48.25 78.0
12.5 50.5 69.0
12.5 52.75 62.0
12.5 55.0 81.0
12.5 57.25 68.0
12.5 59.5 73.0
12.5 61.75 77.0
12.5 64.0 87.0
12.5 66.25 58.0
12.5 68.5 53.0
12.5 70.75 66.0
12.5 73.0 60.0
12.5 75.25 70.0
12.5 77.5 69.0
12.5 79.75 67.0
12.5 82.0 72.0
12.5 84.25 80.0
12.5 86.5 74.0
12.5 88.75 85.0
12.5 91.0 78.0
12.5 93.25 80.0
12.5 95.5 84.0
12.5 97.75 88.0
12.5 100.0 44.0
15.0 10.0 137.0
15.0 12.25 111.0
15.0 14.5 87.0
15.0 16.75 76.0
15.0 19.0 68.0
15.0 21.25 82.0
15.0 23.5 76.0
15.0 25.75 66.0
15.0 28.0 81.0
15.0 30.25 67.0
15.0 32.5 88.0
15.0 34.75 74.0
15.0 37.0 93.0
15.0 39.25 77.0
15.0 41.5 72.0
15.0 43.75 86.0
15.0 46.0 78.0
15.0 48.25 76.0
15.0 50.5 51.0
15.0 52.75 57.0
15.0 55.0 66.0
15.0 57.25 67.0
15.0 59.5 61.0
15.0 61.75 70.0
15.0 64.0 79.0
15.0 66.25 52.0
15.0 68.5 57.0
15.0 70.75 56.0
15.0 73.0 56.0
15.0 75.25 63.0
15.0 77.5 61.0
15.0 79.75 66.0
15.0 82.0 71.0
15.0 84.25 71.0
15.0 86.5 65.0
15.0 88.75 84.0
15.0 91.0 75.0
15.0 93.25 82.0
15.0 95.5 77.0
15.0 97.75 80.0
15.0 100.0 37.0
17.5 10.0 171.0
17.5 12.25 119.0
17.5 14.5 93.0
17.5 16.75 87.0
17.5 19.0 78.0
17.5 21.25 68.0
17.5 23.5 52.0
17.5 25.75 66.0
17.5 28.0 65.0
17.5 30.25 67.0
17.5 32.5 71.0
17.5 34.75 69.0
17.5 37.0 69.0
17.5 39.25 91.0
17.5 41.5 68.0
17.5 43.75 69.0
17.5 46.0 86.0
17.5 48.25 68.0
17.5 50.5 57.0
17.5 52.75 60.0
17.5 55.0 66.0
17.5 57.25 68.0
17.5 59.5 69.0
17.5 61.75 80.0
17.5 64.0 84.0
17.5 66.25 59.0
17.5 68.5 49.0
17.5 70.75 57.0
17.5 73.0 68.0
17.5 75.25 60.0
17.5 77.5 67.0
17.5 79.75 59.0
17.5 82.0 64.0
17.5 84.25 68.0
17.5 86.5 74.0
17.5 88.75 78.0
17.5 91.0 64.0
17.5 93.25 83.0
17.5 95.5 71.0
17.5 97.75 74.0
17.5 100.0 48.0
20.0 10.0 174.0
20.0 12.25 156.0
20.0 14.5 120.0
20.0 16.75 73.0
20.0 19.0 68.0
20.0 21.25 66.0
20.0 23.5 57.0
20.0 25.75 53.0
20.0 28.0 74.0
20.0 30.25 59.0
20.0 32.5 73.0
20.0 34.75 65.0
20.0 37.0 77.0
20.0 39.25 73.0
20.0 41.5 71.0
20.0 43.75 62.0
20.0 46.0 68.0
20.0 48.25 63.0
20.0 50.5 46.0
20.0 52.75 68.0
20.0 55.0 55.0
20.0 57.25 58.0
20.0 59.5 64.0
20.0 61.75 63.0
20.0 64.0 82.0
20.0 66.25 51.0
20.0 68.5 58.0
20.0 70.75 57.0
20.0 73.0 58.0
20.0 75.25 55.0
20.0 77.5 59.0
20.0 79.75 61.0
20.0 82.0 63.0
20.0 84.25 66.0
20.0 86.5 65.0
20.0 88.75 72.0
20.0 91.0 72.0
20.0 93.25 69.0
20.0 95.5 71.0
20.0 97.75 71.0
20.0 100.0 34.0
22.5 10.0 228.0
22.5 12.25 146.0
22.5 14.5 132.0
22.5 16.75 84.0
22.5 19.0 67.0
22.5 21.25 75.0
22.5 23.5 58.0
22.5 25.75 48.0
22.5 28.0 60.0
22.5 30.25 63.0
22.5 32.5 50.0
22.5 34.75 64.0
22.5 37.0 60.0
22.5 39.25 72.0
22.5 41.5 53.0
22.5 43.75 51.0
22.5 46.0 62.0
22.5 48.25 68.0
22.5 50.5 51.0
22.5 52.75 46.0
22.5 55.0 49.0
22.5 57.25 59.0
22.5 59.5 62.0
22.5 61.75 67.0
22.5 64.0 75.0
22.5 66.25 42.0
22.5 68.5 52.0
22.5 70.75 55.0
22.5 73.0 54.0
22.5 75.25 58.0
22.5 77.5 46.0
22.5 79.75 63.0
22.5 82.0 60.0
22.5 84.25 66.0
22.5 86.5 60.0
22.5 88.75 60.0
22.5 91.0 70.0
22.5 93.25 73.0
22.5 95.5 76.0
22.5 97.75 74.0
22.5 100.0 39.0
25.0 10.0 236.0
25.0 12.25 180.0
25.0 14.5 154.0
25.0 16.75 105.0
25.0 19.0 99.0
25.0 21.25 67.0
25.0 23.5 52.0
25.0 25.75 54.0
25.0 28.0 48.0
25.0 30.25 45.0
25.0 32.5 63.0
25.0 34.75 41.0
25.0 37.0 65.0
25.0 39.25 47.0
25.0 41.5 59.0
25.0 43.75 60.0
25.0 46.0 71.0
25.0 48.25 55.0
25.0 50.5 44.0
25.0 52.75 40.0
25.0 55.0 49.0
25.0 57.25 64.0
25.0 59.5 62.0
25.0 61.75 54.0
25.0 64.0 58.0
25.0 66.25 41.0
25.0 68.5 51.0
25.0 70.75 43.0
25.0 73.0 54.0
25.0 75.25 51.0
25.0 77.5 53.0
25.0 79.75 60.0
25.0 82.0 60.0
25.0 84.25 71.0
25.0 86.5 67.0
25.0 88.75 63.0
25.0 91.0 57.0
25.0 93.25 60.0
25.0 95.5 64.0
25.0 97.75 63.0
25.0 100.0 39.0
27.5 10.0 277.0
27.5 12.25 195.0
27.5 14.5 138.0
27.5 16.75 108.0
27.5 19.0 99.0
27.5 21.25 77.0
27.5 23.5 50.0
27.5 25.75 48.0
27.5 28.0 56.0
27.5 30.25 48.0
27.5 32.5 52.0
27.5 34.75 40.0
27.5 37.0 45.0
27.5 39.25 56.0
27.5 41.5 48.0
27.5 43.75 43.0
27.5 46.0 55.0
27.5 48.25 49.0
27.5 50.5 42.0
27.5 52.75 47.0
27.5 55.0 48.0
27.5 57.25 46.0
27.5 59.5 50.0
27.5 61.75 59.0
27.5 64.0 70.0
27.5 66.25 49.0
27.5 68.5 46.0
27.5 70.75 50.0
27.5 73.0 46.0
27.5 75.25 51.0
27.5 77.5 57.0
27.5 79.75 60.0
27.5 82.0 56.0
27.5 84.25 63.0
27.5 86.5 67.0
27.5 88.75 64.0
27.5 91.0 70.0
27.5 93.25 65.0
27.5 95.5 68.0
27.5 97.75 64.0
27.5 100.0 36.0
30.0 10.0 290.0
30.0 12.25 235.0
30.0 14.5 180.0
30.0 16.75 136.0
30.0 19.0 133.0
30.0 21.25 85.0
30.0 23.5 70.0
30.0 25.75 56.0
30.0 28.0 50.0
30.0 30.25 27.0
30.0 32.5 44.0
30.0 34.75 39.0
30.0 37.0 42.0
30.0 39.25 49.0
30.0 41.5 36.0
30.0 43.75 46.0
30.0 46.0 50.0
30.0 48.25 44.0
30.0 50.5 32.0
30.0 52.75 42.0
30.0 55.0 46.0
30.0 57.25 44.0
30.0 59.5 58.0
30.0 61.75 58.0
30.0 64.0 57.0
30.0 66.25 39.0
30.0 68.5 50.0
30.0 70.75 41.0
30.0 73.0 42.0
30.0 75.25 40.0
30.0 77.5 61.0
30.0 79.75 50.0
30.0 82.0 52.0
30.0 84.25 68.0
30.0 86.5 58.0
30.0 88.75 64.0
30.0 91.0 63.0
30.0 93.25 56.0
30.0 95.5 56.0
30.0 97.75 59.0
30.0 100.0 33.0
32.5 10.0 324.0
32.5 12.25 225.0
32.5 14.5 179.0
32.5 16.75 118.0
32.5 19.0 112.0
32.5 21.25 89.0
32.5 23.5 68.0
32.5 25.75 73.0
32.5 28.0 42.0
32.5 30.25 48.0
32.5 32.5 28.0
32.5 34.75 37.0
32.5 37.0 35.0
32.5 39.25 47.0
32.5 41.5 40.0
32.5 43.75 37.0
32.5 46.0 43.0
32.5 48.25 42.0
32.5 50.5 42.0
32.5 52.75 44.0
32.5 55.0 49.0
32.5 57.25 49.0
32.5 59.5 54.0
32.5 61.75 68.0
32.5 64.0 56.0
32.5 66.25 34.0
32.5 68.5 40.0
32.5 70.75 45.0
32.5 73.0 48.0
32.5 75.25 42.0
32.5 77.5 51.0
32.5 79.75 54.0
32.5 82.0 53.0
32.5 84.25 53.0
32.5 86.5 61.0
32.5 88.75 61.0
32.5 91.0 67.0
32.5 93.25 62.0
32.5 95.5 61.0
32.5 97.75 62.0
32.5 100.0 34.0
35.0 10.0 323.0
35.0 12.25 282.0
35.0 14.5 217.0
35.0 16.75 151.0
35.0 19.0 145.0
35.0 21.25 103.0
35.0 23.5 103.0
35.0 25.75 70.0
35.0 28.0 73.0
35.0 30.25 47.0
35.0 32.5 41.0
35.0 34.75 38.0
35.0 37.0 34.0
35.0 39.25 36.0
35.0 41.5 48.0
35.0 43.75 36.0
35.0 46.0 43.0
35.0 48.25 54.0
35.0 50.5 37.0
35.0 52.75 46.0
35.0 55.0 44.0
35.0 57.25 54.0
35.0 59.5 53.0
35.0 61.75 45.0
35.0 64.0 43.0
35.0 66.25 32.0
35.0 68.5 38.0
35.0 70.75 36.0
35.0 73.0 36.0
35.0 75.25 39.0
35.0 77.5 46.0
35.0 79.75 46.0
35.0 82.0 47.0
35.0 84.25 57.0
35.0 86.5 54.0
35.0 88.75 59.0
35.0 91.0 56.0
35.0 93.25 48.0
35.0 95.5 53.0
35.0 97.75 56.0
35.0 100.0 29.0
37.5 10.0 372.0
37.5 12.25 285.0
37.5 14.5 213.0
37.5 16.75 159.0
37.5 19.0 144.0
37.5 21.25 110.0
37.5 23.5 92.0
37.5 25.75 85.0
37.5 28.0 56.0
37.5 30.25 59.0
37.5 32.5 41.0
37.5 34.75 31.0
37.5 37.0 33.0
37.5 39.25 41.0
37.5 41.5 23.0
37.5 43.75 27.0
37.5 46.0 43.0
37.5 48.25 40.0
37.5 50.5 28.0
37.5 52.75 32.0
37.5 55.0 47.0
37.5 57.25 41.0
37.5 59.5 56.0
37.5 61.75 49.0
37.5 64.0 45.0
37.5 66.25 32.0
37.5 68.5 35.0
37.5 70.75 36.0
37.5 73.0 37.0
37.5 75.25 37.0
37.5 77.5 47.0
37.5 79.75 49.0
37.5 82.0 50.0
37.5 84.25 54.0
37.5 86.5 54.0
37.5 88.75 64.0
37.5 91.0 54.0
37.5 93.25 60.0
37.5 95.5 57.0
37.5 97.75 64.0
37.5 100.0 32.0
40.0 10.0 363.0
40.0 12.25 302.0
40.0 14.5 222.0
40.0 16.75 187.0
40.0 19.0 158.0
40.0 21.25 129.0
40.0 23.5 97.0
40.0 25.75 87.0
40.0 28.0 82.0
40.0 30.25 46.0
40.0 32.5 49.0
40.0 34.75 37.0
40.0 37.0 30.0
40.0 39.25 37.0
40.0 41.5 31.0
40.0 43.75 29.0
40.0 46.0 24.0
40.0 48.25 42.0
40.0 50.5 30.0
40.0 52.75 38.0
40.0 55.0 30.0
40.0 57.25 51.0
40.0 59.5 43.0
40.0 61.75 38.0
40.0 64.0 38.0
40.0 66.25 31.0
40.0 68.5 33.0
40.0 70.75 40.0
40.0 73.0 37.0
40.0 75.25 42.0
40.0 77.5 41.0
40.0 79.75 41.0
40.0 82.0 39.0
40.0 84.25 42.0
40.0 86.5 51.0
40.0 88.75 54.0
40.0 91.0 51.0
40.0 93.25 55.0
40.0 95.5 59.0
40.0 97.75 50.0
40.0 100.0 23.0
42.5 10.0 405.0
42.5 12.25 311.0
42.5 14.5 237.0
42.5 16.75 175.0
42.5 19.0 173.0
42.5 21.25 136.0
42.5 23.5 111.0
42.5 25.75 99.0
42.5 28.0 76.0
42.5 30.25 61.0
42.5 32.5 66.0
42.5 34.75 50.0
42.5 37.0 36.0
42.5 39.25 36.0
42.5 41.5 29.0
42.5 43.75 24.0
42.5 46.0 26.0
42.5 48.25 24.0
42.5 50.5 34.0
42.5 52.75 37.0
42.5 55.0 30.0
42.5 57.25 46.0
42.5 59.5 47.0
42.5 61.75 46.0
42.5 64.0 39.0
42.5 66.25 24.0
42.5 68.5 27.0
42.5 70.75 32.0
42.5 73.0 31.0
42.5 75.25 34.0
42.5 77.5 37.0
42.5 79.75 41.0
42.5 82.0 39.0
42.5 84.25 44.0
42.5 86.5 47.0
42.5 88.75 50.0
42.5 91.0 54.0
42.5 93.25 52.0
42.5 95.5 54.0
42.5 97.75 51.0
42.5 100.0 26.0
45.0 10.0 398.0
45.0 12.25 320.0
45.0 14.5 283.0
45.0 16.75 204.0
45.0 19.0 187.0
45.0 21.25 127.0
45.0 23.5 133.0
45.0 25.75 108.0
45.0 28.0 109.0
45.0 30.25 71.0
45.0 32.5 74.0
45.0 34.75 47.0
45.0 37.0 46.0
45.0 39.25 39.0
45.0 41.5 24.0
45.0 43.75 33.0
45.0 46.0 19.0
45.0 48.25 27.0
45.0 50.5 18.0
45.0 52.75 26.0
45.0 55.0 25.0
45.0 57.25 39.0
45.0 59.5 36.0
45.0 61.75 41.0
45.0 64.0 37.0
45.0 66.25 23.0
45.0 68.5 30.0
45.0 70.75 27.0
45.0 73.0 30.0
45.0 75.25 31.0
45.0 77.5 34.0
45.0 79.75 38.0
45.0 82.0 40.0
45.0 84.25 41.0
45.0 86.5 51.0
45.0 88.75 45.0
45.0 91.0 42.0
45.0 93.25 51.0
45.0 95.5 47.0
45.0 97.75 50.0
45.0 100.0 32.0
47.5 10.0 409.0
47.5 12.25 319.0
47.5 14.5 260.0
47.5 16.75 196.0
47.5 19.0 161.0
47.5 21.25 131.0
47.5 23.5 120.0
47.5 25.75 96.0
47.5 28.0 90.0
47.5 30.25 73.0
47.5 32.5 77.0
47.5 34.75 59.0
47.5 37.0 48.0
47.5 39.25 48.0
47.5 41.5 27.0
47.5 43.75 29.0
47.5 46.0 32.0
47.5 48.25 19.0
47.5 50.5 18.0
47.5 52.75 20.0
47.5 55.0 36.0
47.5 57.25 28.0
47.5 59.5 30.0
47.5 61.75 38.0
47.5 64.0 46.0
47.5 66.25 30.0
47.5 68.5 27.0
47.5 70.75 35.0
47.5 73.0 34.0
47.5 75.25 41.0
47.5 77.5 34.0
47.5 79.75 45.0
47.5 82.0 48.0
47.5 84.25 54.0
47.5 86.5 56.0
47.5 88.75 49.0
47.5 91.0 55.0
47.5 93.25 57.0
47.5 95.5 50.0
47.5 97.75 58.0
47.5 100.0 30.0
50.0 10.0 404.0
50.0 12.25 346.0
50.0 14.5 289.0
50.0 16.75 203.0
50.0 19.0 195.0
50.0 21.25 151.0
50.0 23.5 134.0
50.0 25.75 94.0
50.0 28.0 107.0
50.0 30.25 78.0
50.0 32.5 92.0
50.0 34.75 58.0
50.0 37.0 56.0
50.0 39.25 42.0
50.0 41.5 37.0
50.0 43.75 44.0
50.0 46.0 33.0
50.0 48.25 34.0
50.0 50.5 20.0
50.0 52.75 22.0
50.0 55.0 21.0
50.0 57.25 25.0
50.0 59.5 28.0
50.0 61.75 28.0
50.0 64.0 33.0
50.0 66.25 25.0
50.0 68.5 25.0
50.0 70.75 33.0
50.0 73.0 39.0
50.0 75.25 35.0
50.0 77.5 36.0
50.0 79.75 36.0
50.0 82.0 35.0
50.0 84.25 46.0
50.0 86.5 41.0
50.0 88.75 48.0
50.0 91.0 54.0
50.0 93.25 54.0
50.0 95.5 50.0
50.0 97.75 45.0
50.0 100.0 33.0
