-50.0 10.0 603.0
-50.0 12.25 486.0
-50.0 14.5 402.0
-50.0 16.75 368.0
-50.0 19.0 339.0
-50.0 21.25 330.0
-50.0 23.5 293.0
-50.0 25.75 260.0
-50.0 28.0 268.0
-50.0 30.25 248.0
-50.0 32.5 246.0
-50.0 34.75 208.0
-50.0 37.0 216.0
-50.0 39.25 211.0
-50.0 41.5 171.0
-50.0 43.75 191.0
-50.0 46.0 194.0
-50.0 48.25 176.0
-50.0 50.5 127.0
-50.0 52.75 152.0
-50.0 55.0 153.0
-50.0 57.25 147.0
-50.0 59.5 167.0
-50.0 61.75 161.0
-50.0 64.0 155.0
-50.0 66.25 118.0
-50.0 68.5 123.0
-50.0 70.75 120.0
-50.0 73.0 118.0
-50.0 75.25 116.0
-50.0 77.5 137.0
-50.0 79.75 119.0
-50.0 82.0 119.0
-50.0 84.25 130.0
-50.0 86.5 134.0
-50.0 88.75 123.0
-50.0 91.0 138.0
-50.0 93.25 120.0
-50.0 95.5 130.0
-50.0 97.75 130.0
-50.0 100.0 66.0
-47.5 10.0 564.0
-47.5 12.25 463.0
-47.5 14.5 364.0
-47.5 16.75 352.0
-47.5 19.0 307.0
-47.5 21.25 314.0
-47.5 23.5 269.0
-47.5 25.75 251.0
-47.5 28.0 243.0
-47.5 30.25 232.0
-47.5 32.5 213.0
-47.5 34.75 203.0
-47.5 37.0 206.0
-47.5 39.25 220.0
-47.5 41.5 178.0
-47.5 43.75 173.0
-47.5 46.0 187.0
-47.5 48.25 172.0
-47.5 50.5 129.0
-47.5 52.75 141.0
-47.5 55.0 164.0
-47.5 57.25 141.0
-47.5 59.5 137.0
-47.5 61.75 153.0
-47.5 64.0 161.0
-47.5 66.25 110.0
-47.5 68.5 93.0
-47.5 70.75 104.0
-47.5 73.0 106.0
-47.5 75.25 110.0
-47.5 77.5 110.0
-47.5 79.75 118.0
-47.5 82.0 110.0
-47.5 84.25 127.0
-47.5 86.5 131.0
-47.5 88.75 124.0
-47.5 91.0 130.0
-47.5 93.25 136.0
-47.5 95.5 139.0
-47.5 97.75 137.0
-47.5 100.0 61.0
-45.0 10.0 609.0
-45.0 12.25 490.0
-45.0 14.5 399.0
-45.0 16.75 373.0
-45.0 19.0 348.0
-45.0 21.25 314.0
-45.0 23.5 281.0
-45.0 25.75 275.0
-45.0 28.0 260.0
-45.0 30.25 242.0
-45.0 32.5 256.0
-45.0 34.75 230.0
-45.0 37.0 224.0
-45.0 39.25 239.0
-45.0 41.5 171.0
-45.0 43.75 188.0
-45.0 46.0 189.0
-45.0 48.25 184.0
-45.0 50.5 142.0
-45.0 52.75 160.0
-45.0 55.0 138.0
-45.0 57.25 162.0
-45.0 59.5 164.0
-45.0 61.75 157.0
-45.0 64.0 156.0
-45.0 66.25 108.0
-45.0 68.5 110.0
-45.0 70.75 117.0
-45.0 73.0 114.0
-45.0 75.25 126.0
-45.0 77.5 126.0
-45.0 79.75 135.0
-45.0 82.0 130.0
-45.0 84.25 118.0
-45.0 86.5 130.0
-45.0 88.75 139.0
-45.0 91.0 132.0
-45.0 93.25 130.0
-45.0 95.5 133.0
-45.0 97.75 134.0
-45.0 100.0 71.0
-42.5 10.0 540.0
-42.5 12.25 462.0
-42.5 14.5 365.0
-42.5 16.75 329.0
-42.5 19.0 310.0
-42.5 21.25 292.0
-42.5 23.5 276.0
-42.5 25.75 248.0
-42.5 28.0 264.0
-42.5 30.25 220.0
-42.5 32.5 231.0
-42.5 34.75 207.0
-42.5 37.0 208.0
-42.5 39.25 213.0
-42.5 41.5 175.0
-42.5 43.75 193.0
-42.5 46.0 190.0
-42.5 48.25 157.0
-42.5 50.5 137.0
-42.5 52.75 129.0
-42.5 55.0 146.0
-42.5 57.25 149.0
-42.5 59.5 171.0
-42.5 61.75 163.0
-42.5 64.0 159.0
-42.5 66.25 110.0
-42.5 68.5 110.0
-42.5 70.75 103.0
-42.5 73.0 108.0
-42.5 75.25 112.0
-42.5 77.5 117.0
-42.5 79.75 124.0
-42.5 82.0 115.0
-42.5 84.25 139.0
-42.5 86.5 128.0
-42.5 88.75 125.0
-42.5 91.0 123.0
-42.5 93.25 133.0
-42.5 95.5 127.0
-42.5 97.75 126.0
-42.5 100.0 61.0
-40.0 10.0 551.0
-40.0 12.25 438.0
-40.0 14.5 369.0
-40.0 16.75 361.0
-40.0 19.0 291.0
-40.0 21.25 308.0
-40.0 23.5 272.0
-40.0 25.75 263.0
-40.0 28.0 266.0
-40.0 30.25 214.0
-40.0 32.5 255.0
-40.0 34.75 192.0
-40.0 37.0 205.0
-40.0 39.25 222.0
-40.0 41.5 176.0
-40.0 43.75 174.0
-40.0 46.0 181.0
-40.0 48.25 168.0
-40.0 50.5 136.0
-40.0 52.75 133.0
-40.0 55.0 136.0
-40.0 57.25 156.0
-40.0 59.5 152.0
-40.0 61.75 149.0
-40.0 64.0 165.0
-40.0 66.25 100.0
-40.0 68.5 100.0
-40.0 70.75 103.0
-40.0 73.0 106.0
-40.0 75.25 116.0
-40.0 77.5 113.0
-40.0 79.75 122.0
-40.0 82.0 113.0
-40.0 84.25 119.0
-40.0 86.5 129.0
-40.0 88.75 124.0
-40.0 91.0 128.0
-40.0 93.25 117.0
-40.0 95.5 127.0
-40.0 97.75 121.0
-40.0 100.0 67.0
-37.5 10.0 510.0
-37.5 12.25 400.0
-37.5 14.5 341.0
-37.5 16.75 321.0
-37.5 19.0 282.0
-37.5 21.25 297.0
-37.5 23.5 250.0
-37.5 25.75 226.0
-37.5 28.0 235.0
-37.5 30.25 215.0
-37.5 32.5 236.0
-37.5 34.75 186.0
-37.5 37.0 205.0
-37.5 39.25 201.0
-37.5 41.5 165.0
-37.5 43.75 157.0
-37.5 46.0 167.0
-37.5 48.25 155.0
-37.5 50.5 136.0
-37.5 52.75 129.0
-37.5 55.0 147.0
-37.5 57.25 136.0
-37.5 59.5 148.0
-37.5 61.75 126.0
-37.5 64.0 165.0
-37.5 66.25 96.0
-37.5 68.5 94.0
-37.5 70.75 109.0
-37.5 73.0 102.0
-37.5 75.25 116.0
-37.5 77.5 108.0
-37.5 79.75 102.0
-37.5 82.0 112.0
-37.5 84.25 113.0
-37.5 86.5 125.0
-37.5 88.75 132.0
-37.5 91.0 124.0
-37.5 93.25 128.0
-37.5 95.5 122.0
-37.5 97.75 124.0
-37.5 100.0 66.0
-35.0 10.0 482.0
-35.0 12.25 425.0
-35.0 14.5 338.0
-35.0 16.75 337.0
-35.0 19.0 278.0
-35.0 21.25 280.0
-35.0 23.5 251.0
-35.0 25.75 234.0
-35.0 28.0 231.0
-35.0 30.25 216.0
-35.0 32.5 220.0
-35.0 34.75 193.0
-35.0 37.0 198.0
-35.0 39.25 201.0
-35.0 41.5 159.0
-35.0 43.75 174.0
-35.0 46.0 195.0
-35.0 48.25 174.0
-35.0 50.5 130.0
-35.0 52.75 131.0
-35.0 55.0 127.0
-35.0 57.25 134.0
-35.0 59.5 148.0
-35.0 61.75 133.0
-35.0 64.0 161.0
-35.0 66.25 99.0
-35.0 68.5 98.0
-35.0 70.75 103.0
-35.0 73.0 104.0
-35.0 75.25 117.0
-35.0 77.5 106.0
-35.0 79.75 114.0
-35.0 82.0 119.0
-35.0 84.25 110.0
-35.0 86.5 127.0
-35.0 88.75 128.0
-35.0 91.0 127.0
-35.0 93.25 145.0
-35.0 95.5 128.0
-35.0 97.75 118.0
-35.0 100.0 58.0
-32.5 10.0 437.0
-32.5 12.25 360.0
-32.5 14.5 317.0
-32.5 16.75 290.0
-32.5 19.0 268.0
-32.5 21.25 263.0
-32.5 23.5 232.0
-32.5 25.75 220.0
-32.5 28.0 206.0
-32.5 30.25 205.0
-32.5 32.5 204.0
-32.5 34.75 198.0
-32.5 37.0 184.0
-32.5 39.25 190.0
-32.5 41.5 137.0
-32.5 43.75 156.0
-32.5 46.0 165.0
-32.5 48.25 147.0
-32.5 50.5 127.0
-32.5 52.75 134.0
-32.5 55.0 147.0
-32.5 57.25 122.0
-32.5 59.5 133.0
-32.5 61.75 132.0
-32.5 64.0 142.0
-32.5 66.25 102.0
-32.5 68.5 86.0
-32.5 70.75 103.0
-32.5 73.0 104.0
-32.5 75.25 105.0
-32.5 77.5 108.0
-32.5 79.75 111.0
-32.5 82.0 120.0
-32.5 84.25 106.0
-32.5 86.5 110.0
-32.5 88.75 115.0
-32.5 91.0 105.0
-32.5 93.25 128.0
-32.5 95.5 118.0
-32.5 97.75 108.0
-32.5 100.0 64.0
-30.0 10.0 453.0
-30.0 12.25 375.0
-30.0 14.5 302.0
-30.0 16.75 308.0
-30.0 19.0 268.0
-30.0 21.25 259.0
-30.0 23.5 243.0
-30.0 25.75 213.0
-30.0 28.0 236.0
-30.0 30.25 198.0
-30.0 32.5 207.0
-30.0 34.75 178.0
-30.0 37.0 176.0
-30.0 39.25 202.0
-30.0 41.5 147.0
-30.0 43.75 163.0
-30.0 46.0 163.0
-30.0 48.25 149.0
-30.0 50.5 110.0
-30.0 52.75 128.0
-30.0 55.0 120.0
-30.0 57.25 115.0
-30.0 59.5 137.0
-30.0 61.75 130.0
-30.0 64.0 149.0
-30.0 66.25 103.0
-30.0 68.5 99.0
-30.0 70.75 106.0
-30.0 73.0 103.0
-30.0 75.25 112.0
-30.0 77.5 109.0
-30.0 79.75 113.0
-30.0 82.0 106.0
-30.0 84.25 109.0
-30.0 86.5 114.0
-30.0 88.75 114.0
-30.0 91.0 125.0
-30.0 93.25 129.0
-30.0 95.5 116.0
-30.0 97.75 125.0
-30.0 100.0 56.0
-27.5 10.0 416.0
-27.5 12.25 339.0
-27.5 14.5 288.0
-27.5 16.75 254.0
-27.5 19.0 231.0
-27.5 21.25 233.0
-27.5 23.5 219.0
-27.5 25.75 204.0
-27.5 28.0 219.0
-27.5 30.25 175.0
-27.5 32.5 178.0
-27.5 34.75 181.0
-27.5 37.0 185.0
-27.5 39.25 166.0
-27.5 41.5 143.0
-27.5 43.75 155.0
-27.5 46.0 150.0
-27.5 48.25 132.0
-27.5 50.5 114.0
-27.5 52.75 111.0
-27.5 55.0 121.0
-27.5 57.25 135.0
-27.5 59.5 133.0
-27.5 61.75 135.0
-27.5 64.0 131.0
-27.5 66.25 97.0
-27.5 68.5 97.0
-27.5 70.75 95.0
-27.5 73.0 93.0
-27.5 75.25 100.0
-27.5 77.5 97.0
-27.5 79.75 104.0
-27.5 82.0 109.0
-27.5 84.25 116.0
-27.5 86.5 107.0
-27.5 88.75 111.0
-27.5 91.0 113.0
-27.5 93.25 111.0
-27.5 95.5 116.0
-27.5 97.75 119.0
-27.5 100.0 63.0
-25.0 10.0 406.0
-25.0 12.25 337.0
-25.0 14.5 279.0
-25.0 16.75 260.0
-25.0 19.0 223.0
-25.0 21.25 227.0
-25.0 23.5 210.0
-25.0 25.75 193.0
-25.0 28.0 201.0
-25.0 30.25 185.0
-25.0 32.5 175.0
-25.0 34.75 158.0
-25.0 37.0 153.0
-25.0 39.25 169.0
-25.0 41.5 165.0
-25.0 43.75 153.0
-25.0 46.0 159.0
-25.0 48.25 146.0
-25.0 50.5 110.0
-25.0 52.75 108.0
-25.0 55.0 125.0
-25.0 57.25 129.0
-25.0 59.5 130.0
-25.0 61.75 131.0
-25.0 64.0 151.0
-25.0 66.25 88.0
-25.0 68.5 95.0
-25.0 70.75 91.0
-25.0 73.0 94.0
-25.0 75.25 96.0
-25.0 77.5 106.0
-25.0 79.75 89.0
-25.0 82.0 99.0
-25.0 84.25 112.0
-25.0 86.5 103.0
-25.0 88.75 117.0
-25.0 91.0 104.0
-25.0 93.25 117.0
-25.0 95.5 119.0
-25.0 97.75 112.0
-25.0 100.0 58.0
-22.5 10.0 353.0
-22.5 12.25 297.0
-22.5 14.5 262.0
-22.5 16.75 242.0
-22.5 19.0 219.0
-22.5 21.25 233.0
-22.5 23.5 187.0
-22.5 25.75 171.0
-22.5 28.0 187.0
-22.5 30.25 184.0
-22.5 32.5 160.0
-22.5 34.75 150.0
-22.5 37.0 149.0
-22.5 39.25 168.0
-22.5 41.5 143.0
-22.5 43.75 136.0
-22.5 46.0 156.0
-22.5 48.25 132.0
-22.5 50.5 116.0
-22.5 52.75 115.0
-22.5 55.0 108.0
-22.5 57.25 116.0
-22.5 59.5 123.0
-22.5 61.75 124.0
-22.5 64.0 129.0
-22.5 66.25 91.0
-22.5 68.5 82.0
-22.5 70.75 87.0
-22.5 73.0 85.0
-22.5 75.25 103.0
-22.5 77.5 101.0
-22.5 79.75 104.0
-22.5 82.0 102.0
-22.5 84.25 110.0
-22.5 86.5 107.0
-22.5 88.75 109.0
-22.5 91.0 109.0
-22.5 93.25 117.0
-22.5 95.5 119.0
-22.5 97.75 116.0
-22.5 100.0 59.0
-20.0 10.0 378.0
-20.0 12.25 312.0
-20.0 14.5 257.0
-20.0 16.75 241.0
-20.0 19.0 219.0
-20.0 21.25 219.0
-20.0 23.5 188.0
-20.0 25.75 201.0
-20.0 28.0 197.0
-20.0 30.25 162.0
-20.0 32.5 184.0
-20.0 34.75 155.0
-20.0 37.0 152.0
-20.0 39.25 163.0
-20.0 41.5 128.0
-20.0 43.75 141.0
-20.0 46.0 142.0
-20.0 48.25 130.0
-20.0 50.5 110.0
-20.0 52.75 102.0
-20.0 55.0 113.0
-20.0 57.25 114.0
-20.0 59.5 124.0
-20.0 61.75 136.0
-20.0 64.0 110.0
-20.0 66.25 88.0
-20.0 68.5 92.0
-20.0 70.75 91.0
-20.0 73.0 95.0
-20.0 75.25 99.0
-20.0 77.5 100.0
-20.0 79.75 101.0
-20.0 82.0 107.0
-20.0 84.25 100.0
-20.0 86.5 102.0
-20.0 88.75 103.0
-20.0 91.0 106.0
-20.0 93.25 106.0
-20.0 95.5 114.0
-20.0 97.75 113.0
-20.0 100.0 49.0
-17.5 10.0 294.0
-17.5 12.25 271.0
-17.5 14.5 211.0
-17.5 16.75 216.0
-17.5 19.0 195.0
-17.5 21.25 200.0
-17.5 23.5 168.0
-17.5 25.75 180.0
-17.5 28.0 158.0
-17.5 30.25 164.0
-17.5 32.5 155.0
-17.5 34.75 139.0
-17.5 37.0 154.0
-17.5 39.25 142.0
-17.5 41.5 124.0
-17.5 43.75 133.0
-17.5 46.0 143.0
-17.5 48.25 114.0
-17.5 50.5 85.0
-17.5 52.75 105.0
-17.5 55.0 103.0
-17.5 57.25 107.0
-17.5 59.5 115.0
-17.5 61.75 102.0
-17.5 64.0 106.0
-17.5 66.25 81.0
-17.5 68.5 80.0
-17.5 70.75 87.0
-17.5 73.0 92.0
-17.5 75.25 85.0
-17.5 77.5 93.0
-17.5 79.75 94.0
-17.5 82.0 99.0
-17.5 84.25 97.0
-17.5 86.5 102.0
-17.5 88.75 106.0
-17.5 91.0 100.0
-17.5 93.25 107.0
-17.5 95.5 112.0
-17.5 97.75 104.0
-17.5 100.0 53.0
-15.0 10.0 331.0
-15.0 12.25 277.0
-15.0 14.5 217.0
-15.0 16.75 210.0
-15.0 19.0 194.0
-15.0 21.25 209.0
-15.0 23.5 176.0
-15.0 25.75 177.0
-15.0 28.0 179.0
-15.0 30.25 144.0
-15.0 32.5 152.0
-15.0 34.75 145.0
-15.0 37.0 143.0
-15.0 39.25 154.0
-15.0 41.5 113.0
-15.0 43.75 119.0
-15.0 46.0 135.0
-15.0 48.25 126.0
-15.0 50.5 105.0
-15.0 52.75 104.0
-15.0 55.0 104.0
-15.0 57.25 109.0
-15.0 59.5 112.0
-15.0 61.75 121.0
-15.0 64.0 117.0
-15.0 66.25 88.0
-15.0 68.5 73.0
-15.0 70.75 88.0
-15.0 73.0 86.0
-15.0 75.25 83.0
-15.0 77.5 89.0
-15.0 79.75 87.0
-15.0 82.0 94.0
-15.0 84.25 99.0
-15.0 86.5 104.0
-15.0 88.75 108.0
-15.0 91.0 105.0
-15.0 93.25 105.0
-15.0 95.5 115.0
-15.0 97.75 111.0
-15.0 100.0 51.0
-12.5 10.0 268.0
-12.5 12.25 248.0
-12.5 14.5 174.0
-12.5 16.75 175.0
-12.5 19.0 177.0
-12.5 21.25 180.0
-12.5 23.5 146.0
-12.5 25.75 144.0
-12.5 28.0 161.0
-12.5 30.25 149.0
-12.5 32.5 131.0
-12.5 34.75 133.0
-12.5 37.0 136.0
-12.5 39.25 145.0
-12.5 41.5 120.0
-12.5 43.75 100.0
-12.5 46.0 119.0
-12.5 48.25 111.0
-12.5 50.5 96.0
-12.5 52.75 108.0
-12.5 55.0 98.0
-12.5 57.25 108.0
-12.5 59.5 111.0
-12.5 61.75 112.0
-12.5 64.0 127.0
-12.5 66.25 83.0
-12.5 68.5 76.0
-12.5 70.75 78.0
-12.5 73.0 77.0
-12.5 75.25 94.0
-12.5 77.5 76.0
-12.5 79.75 86.0
-12.5 82.0 92.0
-12.5 84.25 92.0
-12.5 86.5 96.0
-12.5 88.75 93.0
-12.5 91.0 99.0
-12.5 93.25 105.0
-12.5 95.5 97.0
-12.5 97.75 107.0
-12.5 100.0 55.0
-10.0 10.0 274.0
-10.0 12.25 213.0
-10.0 14.5 181.0
-10.0 16.75 190.0
-10.0 19.0 171.0
-10.0 21.25 184.0
-10.0 23.5 147.0
-10.0 25.75 149.0
-10.0 28.0 147.0
-10.0 30.25 150.0
-10.0 32.5 144.0
-10.0 34.75 120.0
-10.0 37.0 125.0
-10.0 39.25 152.0
-10.0 41.5 108.0
-10.0 43.75 115.0
-10.0 46.0 124.0
-10.0 48.25 120.0
-10.0 50.5 100.0
-10.0 52.75 93.0
-10.0 55.0 105.0
-10.0 57.25 101.0
-10.0 59.5 115.0
-10.0 61.75 106.0
-10.0 64.0 118.0
-10.0 66.25 77.0
-10.0 68.5 76.0
-10.0 70.75 79.0
-10.0 73.0 84.0
-10.0 75.25 87.0
-10.0 77.5 86.0
-10.0 79.75 97.0
-10.0 82.0 79.0
-10.0 84.25 84.0
-10.0 86.5 100.0
-10.0 88.75 104.0
-10.0 91.0 102.0
-10.0 93.25 96.0
-10.0 95.5 96.0
-10.0 97.75 95.0
-10.0 100.0 53.0
-7.5 10.0 233.0
-7.5 12.25 194.0
-7.5 14.5 159.0
-7.5 16.75 156.0
-7.5 19.0 149.0
-7.5 21.25 141.0
-7.5 23.5 139.0
-7.5 25.75 136.0
-7.5 28.0 144.0
-7.5 30.25 123.0
-7.5 32.5 124.0
-7.5 34.75 120.0
-7.5 37.0 121.0
-7.5 39.25 141.0
-7.5 41.5 111.0
-7.5 43.75 109.0
-7.5 46.0 110.0
-7.5 48.25 118.0
-7.5 50.5 87.0
-7.5 52.75 80.0
-7.5 55.0 104.0
-7.5 57.25 97.0
-7.5 59.5 102.0
-7.5 61.75 100.0
-7.5 64.0 115.0
-7.5 66.25 77.0
-7.5 68.5 75.0
-7.5 70.75 81.0
-7.5 73.0 79.0
-7.5 75.25 84.0
-7.5 77.5 86.0
-7.5 79.75 90.0
-7.5 82.0 78.0
-7.5 84.25 82.0
-7.5 86.5 105.0
-7.5 88.75 98.0
-7.5 91.0 96.0
-7.5 93.25 99.0
-7.5 95.5 96.0
-7.5 97.75 96.0
-7.5 100.0 55.0
-5.0 10.0 222.0
-5.0 12.25 202.0
-5.0 14.5 153.0
-5.0 16.75 157.0
-5.0 19.0 147.0
-5.0 21.25 158.0
-5.0 23.5 138.0
-5.0 25.75 142.0
-5.0 28.0 122.0
-5.0 30.25 134.0
-5.0 32.5 130.0
-5.0 34.75 118.0
-5.0 37.0 117.0
-5.0 39.25 118.0
-5.0 41.5 104.0
-5.0 43.75 100.0
-5.0 46.0 109.0
-5.0 48.25 114.0
-5.0 50.5 80.0
-5.0 52.75 82.0
-5.0 55.0 81.0
-5.0 57.25 99.0
-5.0 59.5 103.0
-5.0 61.75 95.0
-5.0 64.0 116.0
-5.0 66.25 68.0
-5.0 68.5 75.0
-5.0 70.75 79.0
-5.0 73.0 71.0
-5.0 75.25 73.0
-5.0 77.5 73.0
-5.0 79.75 80.0
-5.0 82.0 86.0
-5.0 84.25 98.0
-5.0 86.5 95.0
-5.0 88.75 98.0
-5.0 91.0 94.0
-5.0 93.25 100.0
-5.0 95.5 94.0
-5.0 97.75 105.0
-5.0 100.0 44.0
-2.5 10.0 170.0
-2.5 12.25 160.0
-2.5 14.5 133.0
-2.5 16.75 135.0
-2.5 19.0 128.0
-2.5 21.25 130.0
-2.5 23.5 124.0
-2.5 25.75 119.0
-2.5 28.0 114.0
-2.5 30.25 116.0
-2.5 32.5 113.0
-2.5 34.75 115.0
-2.5 37.0 123.0
-2.5 39.25 124.0
-2.5 41.5 99.0
-2.5 43.75 94.0
-2.5 46.0 104.0
-2.5 48.25 99.0
-2.5 50.5 77.0
-2.5 52.75 91.0
-2.5 55.0 83.0
-2.5 57.25 93.0
-2.5 59.5 99.0
-2.5 61.75 90.0
-2.5 64.0 94.0
-2.5 66.25 63.0
-2.5 68.5 66.0
-2.5 70.75 77.0
-2.5 73.0 67.0
-2.5 75.25 72.0
-2.5 77.5 79.0
-2.5 79.75 80.0
-2.5 82.0 76.0
-2.5 84.25 76.0
-2.5 86.5 90.0
-2.5 88.75 92.0
-2.5 91.0 89.0
-2.5 93.25 90.0
-2.5 95.5 94.0
-2.5 97.75 90.0
-2.5 100.0 43.0
0.0 10.0 166.0
0.0 12.25 140.0
0.0 14.5 132.0
0.0 16.75 116.0
0.0 19.0 118.0
0.0 21.25 129.0
0.0 23.5 116.0
0.0 25.75 113.0
0.0 28.0 113.0
0.0 30.25 127.0
0.0 32.5 107.0
0.0 34.75 112.0
0.0 37.0 112.0
0.0 39.25 125.0
0.0 41.5 95.0
0.0 43.75 90.0
0.0 46.0 110.0
0.0 48.25 106.0
0.0 50.5 79.0
0.0 52.75 78.0
0.0 55.0 87.0
0.0 57.25 92.0
0.0 59.5 91.0
0.0 61.75 99.0
0.0 64.0 105.0
0.0 66.25 60.0
0.0 68.5 79.0
0.0 70.75 75.0
0.0 73.0 68.0
0.0 75.25 81.0
0.0 77.5 78.0
0.0 79.75 86.0
0.0 82.0 86.0
0.0 84.25 89.0
0.0 86.5 85.0
0.0 88.75 91.0
0.0 91.0 85.0
0.0 93.25 80.0
0.0 95.5 92.0
0.0 97.75 96.0
0.0 100.0 43.0
2.5 10.0 190.0
2.5 12.25 157.0
2.5 14.5 125.0
2.5 16.75 126.0
2.5 19.0 123.0
2.5 21.25 127.0
2.5 23.5 117.0
2.5 25.75 95.0
2.5 28.0 107.0
2.5 30.25 109.0
2.5 32.5 111.0
2.5 34.75 117.0
2.5 37.0 106.0
2.5 39.25 123.0
2.5 41.5 101.0
2.5 43.75 94.0
2.5 46.0 102.0
2.5 48.25 100.0
2.5 50.5 74.0
2.5 52.75 89.0
2.5 55.0 90.0
2.5 57.25 89.0
2.5 59.5 99.0
2.5 61.75 93.0
2.5 64.0 103.0
2.5 66.25 74.0
2.5 68.5 66.0
2.5 70.75 70.0
2.5 73.0 73.0
2.5 75.25 69.0
2.5 77.5 73.0
2.5 79.75 91.0
2.5 82.0 93.0
2.5 84.25 77.0
2.5 86.5 90.0
2.5 88.75 84.0
2.5 91.0 91.0
2.5 93.25 86.0
2.5 95.5 103.0
2.5 97.75 85.0
2.5 100.0 49.0
5.0 10.0 135.0
5.0 12.25 157.0
5.0 14.5 122.0
5.0 16.75 133.0
5.0 19.0 112.0
5.0 21.25 143.0
5.0 23.5 112.0
5.0 25.75 112.0
5.0 28.0 116.0
5.0 30.25 101.0
5.0 32.5 106.0
5.0 34.75 101.0
5.0 37.0 120.0
5.0 39.25 109.0
5.0 41.5 101.0
5.0 43.75 89.0
5.0 46.0 96.0
5.0 48.25 99.0
5.0 50.5 72.0
5.0 52.75 77.0
5.0 55.0 77.0
5.0 57.25 76.0
5.0 59.5 87.0
5.0 61.75 76.0
5.0 64.0 104.0
5.0 66.25 62.0
5.0 68.5 64.0
5.0 70.75 65.0
5.0 73.0 76.0
5.0 75.25 58.0
5.0 77.5 86.0
5.0 79.75 87.0
5.0 82.0 77.0
5.0 84.25 85.0
5.0 86.5 81.0
5.0 88.75 80.0
5.0 91.0 75.0
5.0 93.25 93.0
5.0 95.5 91.0
5.0 97.75 93.0
5.0 100.0 36.0
7.5 10.0 143.0
7.5 12.25 106.0
7.5 14.5 98.0
7.5 16.75 106.0
7.5 19.0 88.0
7.5 21.25 112.0
7.5 23.5 105.0
7.5 25.75 100.0
7.5 28.0 100.0
7.5 30.25 102.0
7.5 32.5 102.0
7.5 34.75 100.0
7.5 37.0 93.0
7.5 39.25 98.0
7.5 41.5 76.0
7.5 43.75 83.0
7.5 46.0 93.0
7.5 48.25 95.0
7.5 50.5 72.0
7.5 52.75 74.0
7.5 55.0 83.0
7.5 57.25 91.0
7.5 59.5 93.0
7.5 61.75 88.0
7.5 64.0 96.0
7.5 66.25 61.0
7.5 68.5 54.0
7.5 70.75 66.0
7.5 73.0 59.0
7.5 75.25 78.0
7.5 77.5 75.0
7.5 79.75 79.0
7.5 82.0 78.0
7.5 84.25 82.0
7.5 86.5 84.0
7.5 88.75 90.0
7.5 91.0 87.0
7.5 93.25 83.0
7.5 95.5 79.0
7.5 97.75 83.0
7.5 100.0 47.0
10.0 10.0 90.0
10.0 12.25 112.0
10.0 14.5 100.0
10.0 16.75 99.0
10.0 19.0 91.0
10.0 21.25 106.0
10.0 23.5 95.0
10.0 25.75 79.0
10.0 28.0 88.0
10.0 30.25 85.0
10.0 32.5 110.0
10.0 34.75 84.0
10.0 37.0 91.0
10.0 39.25 97.0
10.0 41.5 80.0
10.0 43.75 89.0
10.0 46.0 80.0
10.0 48.25 90.0
10.0 50.5 53.0
10.0 52.75 75.0
10.0 55.0 76.0
10.0 57.25 79.0
10.0 59.5 91.0
10.0 61.75 74.0
10.0 64.0 82.0
10.0 66.25 59.0
10.0 68.5 58.0
10.0 70.75 60.0
10.0 73.0 66.0
10.0 75.25 67.0
10.0 77.5 76.0
10.0 79.75 80.0
10.0 82.0 68.0
10.0 84.25 88.0
10.0 86.5 79.0
10.0 88.75 73.0
10.0 91.0 85.0
10.0 93.25 82.0
10.0 95.5 77.0
10.0 97.75 78.0
10.0 100.0 44.0
12.5 10.0 131.0
12.5 12.25 121.0
12.5 14.5 78.0
12.5 16.75 87.0
12.5 19.0 73.0
12.5 21.25 93.0
12.5 23.5 75.0
12.5 25.75 77.0
12.5 28.0 85.0
12.5 30.25 91.0
12.5 32.5 93.0
12.5 34.75 85.0
12.5 37.0 75.0
12.5 39.25 97.0
12.5 41.5 71.0
12.5 43.75 82.0
12.5 46.0 88.0
12.5 48.25 74.0
12.5 50.5 72.0
12.5 52.75 55.0
12.5 55.0 62.0
12.5 57.25 66.0
12.5 59.5 76.0
12.5 61.75 76.0
12.5 64.0 85.0
12.5 66.25 64.0
12.5 68.5 65.0
12.5 70.75 62.0
12.5 73.0 60.0
12.5 75.25 73.0
12.5 77.5 67.0
12.5 79.75 78.0
12.5 82.0 73.0
12.5 84.25 84.0
12.5 86.5 74.0
12.5 88.75 84.0
12.5 91.0 90.0
12.5 93.25 71.0
12.5 95.5 77.0
12.5 97.75 80.0
12.5 100.0 45.0
15.0 10.0 136.0
15.0 12.25 116.0
15.0 14.5 92.0
15.0 16.75 77.0
15.0 19.0 77.0
15.0 21.25 93.0
15.0 23.5 72.0
15.0 25.75 67.0
15.0 28.0 87.0
15.0 30.25 75.0
15.0 32.5 91.0
15.0 34.75 78.0
15.0 37.0 81.0
15.0 39.25 84.0
15.0 41.5 81.0
15.0 43.75 79.0
15.0 46.0 82.0
15.0 48.25 78.0
15.0 50.5 55.0
15.0 52.75 68.0
15.0 55.0 62.0
15.0 57.25 70.0
15.0 59.5 61.0
15.0 61.75 70.0
15.0 64.0 85.0
15.0 66.25 60.0
15.0 68.5 48.0
15.0 70.75 52.0
15.0 73.0 64.0
15.0 75.25 65.0
15.0 77.5 72.0
15.0 79.75 70.0
15.0 82.0 69.0
15.0 84.25 69.0
15.0 86.5 64.0
15.0 88.75 83.0
15.0 91.0 71.0
15.0 93.25 87.0
15.0 95.5 82.0
15.0 97.75 69.0
15.0 100.0 38.0
17.5 10.0 175.0
17.5 12.25 116.0
17.5 14.5 95.0
17.5 16.75 77.0
17.5 19.0 67.0
17.5 21.25 65.0
17.5 23.5 54.0
17.5 25.75 62.0
17.5 28.0 65.0
17.5 30.25 79.0
17.5 32.5 74.0
17.5 34.75 68.0
17.5 37.0 69.0
17.5 39.25 81.0
17.5 41.5 66.0
17.5 43.75 75.0
17.5 46.0 72.0
17.5 48.25 63.0
17.5 50.5 55.0
17.5 52.75 54.0
17.5 55.0 60.0
17.5 57.25 70.0
17.5 59.5 69.0
17.5 61.75 73.0
17.5 64.0 75.0
17.5 66.25 58.0
17.5 68.5 61.0
17.5 70.75 52.0
17.5 73.0 65.0
17.5 75.25 67.0
17.5 77.5 56.0
17.5 79.75 64.0
17.5 82.0 68.0
17.5 84.25 75.0
17.5 86.5 64.0
17.5 88.75 77.0
17.5 91.0 70.0
17.5 93.25 87.0
17.5 95.5 78.0
17.5 97.75 85.0
17.5 100.0 46.0
20.0 10.0 179.0
20.0 12.25 154.0
20.0 14.5 118.0
20.0 16.75 76.0
20.0 19.0 71.0
20.0 21.25 71.0
20.0 23.5 58.0
20.0 25.75 45.0
20.0 28.0 64.0
20.0 30.25 60.0
20.0 32.5 74.0
20.0 34.75 52.0
20.0 37.0 60.0
20.0 39.25 76.0
20.0 41.5 62.0
20.0 43.75 65.0
20.0 46.0 78.0
20.0 48.25 65.0
20.0 50.5 54.0
20.0 52.75 60.0
20.0 55.0 61.0
20.0 57.25 65.0
20.0 59.5 60.0
20.0 61.75 64.0
20.0 64.0 77.0
20.0 66.25 53.0
20.0 68.5 45.0
20.0 70.75 55.0
20.0 73.0 53.0
20.0 75.25 50.0
20.0 77.5 62.0
20.0 79.75 68.0
20.0 82.0 68.0
20.0 84.25 55.0
20.0 86.5 72.0
20.0 88.75 74.0
20.0 91.0 71.0
20.0 93.25 80.0
20.0 95.5 77.0
20.0 97.75 79.0
20.0 100.0 33.0
22.5 10.0 228.0
22.5 12.25 150.0
22.5 14.5 132.0
22.5 16.75 84.0
22.5 19.0 69.0
22.5 21.25 68.0
22.5 23.5 55.0
22.5 25.75 52.0
22.5 28.0 43.0
22.5 30.25 66.0
22.5 32.5 64.0
22.5 34.75 64.0
22.5 37.0 55.0
22.5 39.25 69.0
22.5 41.5 60.0
22.5 43.75 53.0
22.5 46.0 79.0
22.5 48.25 67.0
22.5 50.5 50.0
22.5 52.75 51.0
22.5 55.0 64.0
22.5 57.25 55.0
22.5 59.5 66.0
22.5 61.75 66.0
22.5 64.0 77.0
22.5 66.25 49.0
22.5 68.5 51.0
22.5 70.75 51.0
22.5 73.0 49.0
22.5 75.25 58.0
22.5 77.5 59.0
22.5 79.75 70.0
22.5 82.0 60.0
22.5 84.25 68.0
22.5 86.5 65.0
22.5 88.75 79.0
22.5 91.0 78.0
22.5 93.25 68.0
22.5 95.5 71.0
22.5 97.75 72.0
22.5 100.0 35.0
25.0 10.0 221.0
25.0 12.25 187.0
25.0 14.5 163.0
25.0 16.75 109.0
25.0 19.0 105.0
25.0 21.25 69.0
25.0 23.5 52.0
25.0 25.75 48.0
25.0 28.0 54.0
25.0 30.25 43.0
25.0 32.5 59.0
25.0 34.75 47.0
25.0 37.0 57.0
25.0 39.25 46.0
25.0 41.5 57.0
25.0 43.75 60.0
25.0 46.0 65.0
25.0 48.25 58.0
25.0 50.5 44.0
25.0 52.75 53.0
25.0 55.0 45.0
25.0 57.25 64.0
25.0 59.5 65.0
25.0 61.75 57.0
25.0 64.0 57.0
25.0 66.25 47.0
25.0 68.5 44.0
25.0 70.75 51.0
25.0 73.0 53.0
25.0 75.25 55.0
25.0 77.5 56.0
25.0 79.75 58.0
25.0 82.0 54.0
25.0 84.25 65.0
25.0 86.5 63.0
25.0 88.75 70.0
25.0 91.0 56.0
25.0 93.25 72.0
25.0 95.5 65.0
25.0 97.75 65.0
25.0 100.0 42.0
27.5 10.0 270.0
27.5 12.25 181.0
27.5 14.5 155.0
27.5 16.75 111.0
27.5 19.0 97.0
27.5 21.25 84.0
27.5 23.5 62.0
27.5 25.75 51.0
27.5 28.0 49.0
27.5 30.25 45.0
27.5 32.5 41.0
27.5 34.75 47.0
27.5 37.0 47.0
27.5 39.25 61.0
27.5 41.5 44.0
27.5 43.75 57.0
27.5 46.0 58.0
27.5 48.25 49.0
27.5 50.5 46.0
27.5 52.75 43.0
27.5 55.0 47.0
27.5 57.25 59.0
27.5 59.5 55.0
27.5 61.75 61.0
27.5 64.0 68.0
27.5 66.25 42.0
27.5 68.5 41.0
27.5 70.75 49.0
27.5 73.0 48.0
27.5 75.25 49.0
27.5 77.5 58.0
27.5 79.75 55.0
27.5 82.0 52.0
27.5 84.25 62.0
27.5 86.5 65.0
27.5 88.75 68.0
27.5 91.0 60.0
27.5 93.25 62.0
27.5 95.5 75.0
27.5 97.75 69.0
27.5 100.0 40.0
30.0 10.0 269.0
30.0 12.25 229.0
30.0 14.5 165.0
30.0 16.75 131.0
30.0 19.0 129.0
30.0 21.25 83.0
30.0 23.5 82.0
30.0 25.75 44.0
30.0 28.0 57.0
30.0 30.25 27.0
30.0 32.5 44.0
30.0 34.75 35.0
30.0 37.0 47.0
30.0 39.25 51.0
30.0 41.5 52.0
30.0 43.75 50.0
30.0 46.0 56.0
30.0 48.25 49.0
30.0 50.5 36.0
30.0 52.75 49.0
30.0 55.0 42.0
30.0 57.25 48.0
30.0 59.5 50.0
30.0 61.75 54.0
30.0 64.0 54.0
30.0 66.25 39.0
30.0 68.5 41.0
30.0 70.75 42.0
30.0 73.0 47.0
30.0 75.25 45.0
30.0 77.5 60.0
30.0 79.75 46.0
30.0 82.0 54.0
30.0 84.25 57.0
30.0 86.5 60.0
30.0 88.75 68.0
30.0 91.0 62.0
30.0 93.25 54.0
30.0 95.5 62.0
30.0 97.75 63.0
30.0 100.0 28.0
32.5 10.0 322.0
32.5 12.25 237.0
32.5 14.5 202.0
32.5 16.75 130.0
32.5 19.0 123.0
32.5 21.25 82.0
32.5 23.5 75.0
32.5 25.75 72.0
32.5 28.0 44.0
32.5 30.25 46.0
32.5 32.5 30.0
32.5 34.75 33.0
32.5 37.0 36.0
32.5 39.25 34.0
32.5 41.5 37.0
32.5 43.75 42.0
32.5 46.0 52.0
32.5 48.25 42.0
32.5 50.5 42.0
32.5 52.75 36.0
32.5 55.0 53.0
32.5 57.25 54.0
32.5 59.5 53.0
32.5 61.75 51.0
32.5 64.0 60.0
32.5 66.25 34.0
32.5 68.5 43.0
32.5 70.75 46.0
32.5 73.0 45.0
32.5 75.25 54.0
32.5 77.5 46.0
32.5 79.75 44.0
32.5 82.0 50.0
32.5 84.25 58.0
32.5 86.5 56.0
32.5 88.75 69.0
32.5 91.0 65.0
32.5 93.25 66.0
32.5 95.5 68.0
32.5 97.75 61.0
32.5 100.0 29.0
35.0 10.0 321.0
35.0 12.25 265.0
35.0 14.5 219.0
35.0 16.75 155.0
35.0 19.0 145.0
35.0 21.25 107.0
35.0 23.5 92.0
35.0 25.75 72.0
35.0 28.0 67.0
35.0 30.25 43.0
35.0 32.5 43.0
35.0 34.75 34.0
35.0 37.0 40.0
35.0 39.25 36.0
35.0 41.5 41.0
35.0 43.75 37.0
35.0 46.0 40.0
35.0 48.25 42.0
35.0 50.5 35.0
35.0 52.75 41.0
35.0 55.0 46.0
35.0 57.25 50.0
35.0 59.5 42.0
35.0 61.75 51.0
35.0 64.0 56.0
35.0 66.25 35.0
35.0 68.5 38.0
35.0 70.75 34.0
35.0 73.0 37.0
35.0 75.25 45.0
35.0 77.5 45.0
35.0 79.75 48.0
35.0 82.0 49.0
35.0 84.25 49.0
35.0 86.5 50.0
35.0 88.75 70.0
35.0 91.0 53.0
35.0 93.25 51.0
35.0 95.5 64.0
35.0 97.75 55.0
35.0 100.0 31.0
37.5 10.0 372.0
37.5 12.25 266.0
37.5 14.5 219.0
37.5 16.75 155.0
37.5 19.0 140.0
37.5 21.25 116.0
37.5 23.5 98.0
37.5 25.75 91.0
37.5 28.0 59.0
37.5 30.25 61.0
37.5 32.5 41.0
37.5 34.75 38.0
37.5 37.0 33.0
37.5 39.25 42.0
37.5 41.5 25.0
37.5 43.75 30.0
37.5 46.0 37.0
37.5 48.25 40.0
37.5 50.5 35.0
37.5 52.75 36.0
37.5 55.0 42.0
37.5 57.25 39.0
37.5 59.5 46.0
37.5 61.75 52.0
37.5 64.0 41.0
37.5 66.25 27.0
37.5 68.5 40.0
37.5 70.75 36.0
37.5 73.0 42.0
37.5 75.25 41.0
37.5 77.5 39.0
37.5 79.75 50.0
37.5 82.0 53.0
37.5 84.25 52.0
37.5 86.5 60.0
37.5 88.75 49.0
37.5 91.0 58.0
37.5 93.25 62.0
37.5 95.5 63.0
37.5 97.75 63.0
37.5 100.0 34.0
40.0 10.0 366.0
40.0 12.25 311.0
40.0 14.5 255.0
40.0 16.75 175.0
40.0 19.0 164.0
40.0 21.25 120.0
40.0 23.5 121.0
40.0 25.75 78.0
40.0 28.0 91.0
40.0 30.25 48.0
40.0 32.5 61.0
40.0 34.75 35.0
40.0 37.0 36.0
40.0 39.25 36.0
40.0 41.5 35.0
40.0 43.75 25.0
40.0 46.0 28.0
40.0 48.25 38.0
40.0 50.5 27.0
40.0 52.75 29.0
40.0 55.0 44.0
40.0 57.25 47.0
40.0 59.5 36.0
40.0 61.75 47.0
40.0 64.0 43.0
40.0 66.25 30.0
40.0 68.5 32.0
40.0 70.75 31.0
40.0 73.0 35.0
40.0 75.25 36.0
40.0 77.5 47.0
40.0 79.75 38.0
40.0 82.0 42.0
40.0 84.25 47.0
40.0 86.5 46.0
40.0 88.75 55.0
40.0 91.0 54.0
40.0 93.25 49.0
40.0 95.5 51.0
40.0 97.75 50.0
40.0 100.0 22.0
42.5 10.0 410.0
42.5 12.25 313.0
42.5 14.5 247.0
42.5 16.75 184.0
42.5 19.0 179.0
42.5 21.25 127.0
42.5 23.5 110.0
42.5 25.75 109.0
42.5 28.0 88.0
42.5 30.25 74.0
42.5 32.5 57.0
42.5 34.75 45.0
42.5 37.0 31.0
42.5 39.25 32.0
42.5 41.5 32.0
42.5 43.75 27.0
42.5 46.0 24.0
42.5 48.25 31.0
42.5 50.5 25.0
42.5 52.75 28.0
42.5 55.0 31.0
42.5 57.25 35.0
42.5 59.5 39.0
42.5 61.75 41.0
42.5 64.0 34.0
42.5 66.25 26.0
42.5 68.5 25.0
42.5 70.75 31.0
42.5 73.0 34.0
42.5 75.25 40.0
42.5 77.5 37.0
42.5 79.75 43.0
42.5 82.0 45.0
42.5 84.25 47.0
42.5 86.5 45.0
42.5 88.75 50.0
42.5 91.0 43.0
42.5 93.25 47.0
42.5 95.5 52.0
42.5 97.75 51.0
42.5 100.0 26.0
45.0 10.0 409.0
45.0 12.25 351.0
45.0 14.5 284.0
45.0 16.75 196.0
45.0 19.0 201.0
45.0 21.25 151.0
45.0 23.5 130.0
45.0 25.75 100.0
45.0 28.0 86.0
45.0 30.25 83.0
45.0 32.5 74.0
45.0 34.75 44.0
45.0 37.0 52.0
45.0 39.25 40.0
45.0 41.5 30.0
45.0 43.75 27.0
45.0 46.0 19.0
45.0 48.25 23.0
45.0 50.5 26.0
45.0 52.75 23.0
45.0 55.0 29.0
45.0 57.25 35.0
45.0 59.5 35.0
45.0 61.75 36.0
45.0 64.0 36.0
45.0 66.25 23.0
45.0 68.5 28.0
45.0 70.75 27.0
45.0 73.0 26.0
45.0 75.25 33.0
45.0 77.5 36.0
45.0 79.75 36.0
45.0 82.0 38.0
45.0 84.25 53.0
45.0 86.5 45.0
45.0 88.75 50.0
45.0 91.0 50.0
45.0 93.25 45.0
45.0 95.5 42.0
45.0 97.75 46.0
45.0 100.0 26.0
47.5 10.0 426.0
47.5 12.25 303.0
47.5 14.5 249.0
47.5 16.75 187.0
47.5 19.0 161.0
47.5 21.25 133.0
47.5 23.5 111.0
47.5 25.75 98.0
47.5 28.0 80.0
47.5 30.25 77.0
47.5 32.5 66.0
47.5 34.75 61.0
47.5 37.0 52.0
47.5 39.25 47.0
47.5 41.5 25.0
47.5 43.75 28.0
47.5 46.0 23.0
47.5 48.25 17.0
47.5 50.5 19.0
47.5 52.75 26.0
47.5 55.0 28.0
47.5 57.25 34.0
47.5 59.5 39.0
47.5 61.75 33.0
47.5 64.0 48.0
47.5 66.25 21.0
47.5 68.5 30.0
47.5 70.75 33.0
47.5 73.0 34.0
47.5 75.25 42.0
47.5 77.5 40.0
47.5 79.75 38.0
47.5 82.0 38.0
47.5 84.25 49.0
47.5 86.5 37.0
47.5 88.75 53.0
47.5 91.0 52.0
47.5 93.25 47.0
47.5 95.5 53.0
47.5 97.75 48.0
47.5 100.0 26.0
50.0 10.0 420.0
50.0 12.25 344.0
50.0 14.5 278.0
50.0 16.75 203.0
50.0 19.0 195.0
50.0 21.25 150.0
50.0 23.5 143.0
50.0 25.75 107.0
50.0 28.0 103.0
50.0 30.25 73.0
50.0 32.5 81.0
50.0 34.75 63.0
50.0 37.0 69.0
50.0 39.25 54.0
50.0 41.5 44.0
50.0 43.75 39.0
50.0 46.0 28.0
50.0 48.25 29.0
50.0 50.5 20.0
50.0 52.75 23.0
50.0 55.0 20.0
50.0 57.25 35.0
50.0 59.5 34.0
50.0 61.75 27.0
50.0 64.0 37.0
50.0 66.25 20.0
50.0 68.5 26.0
50.0 70.75 35.0
50.0 73.0 34.0
50.0 75.25 41.0
50.0 77.5 40.0
50.0 79.75 38.0
50.0 82.0 41.0
50.0 84.25 43.0
50.0 86.5 40.0
50.0 88.75 44.0
50.0 91.0 48.0
50.0 93.25 42.0
50.0 95.5 47.0
50.0 97.75 45.0
50.0 100.0 24.0
