0.0 10.0 0.0
0.0 12.25 0.0
0.0 14.5 0.0
0.0 16.75 0.0
0.0 19.0 0.0
0.0 21.25 0.0
0.0 23.5 0.0
0.0 25.75 0.0
0.0 28.0 0.0
0.0 30.25 0.0
0.0 32.5 0.0
0.0 34.75 0.0
0.0 37.0 0.0
0.0 39.25 0.0
0.0 41.5 0.0
0.0 43.75 0.0
0.0 46.0 0.0
0.0 48.25 0.0
0.0 50.5 0.0
0.0 52.75 0.0
0.0 55.0 0.0
0.0 57.25 0.0
0.0 59.5 0.0
0.0 61.75 0.0
0.0 64.0 0.0
0.0 66.25 0.0
0.0 68.5 0.0
0.0 70.75 0.0
0.0 73.0 0.0
0.0 75.25 0.0
0.0 77.5 0.0
0.0 79.75 0.0
0.0 82.0 0.0
0.0 84.25 0.0
0.0 86.5 0.0
0.0 88.75 0.0
0.0 91.0 0.0
0.0 93.25 0.0
0.0 95.5 0.0
0.0 97.75 0.0
0.0 100.0 0.0
0.025 10.0 7.0
0.025 12.25 11.0
0.025 14.5 5.0
0.025 16.75 6.0
0.025 19.0 2.0
0.025 21.25 10.0
0.025 23.5 4.0
0.025 25.75 3.0
0.025 28.0 4.0
0.025 30.25 5.0
0.025 32.5 2.0
0.025 34.75 2.0
0.025 37.0 3.0
0.025 39.25 3.0
0.025 41.5 2.0
0.025 43.75 9.0
0.025 46.0 5.0
0.025 48.25 5.0
0.025 50.5 2.0
0.025 52.75 4.0
0.025 55.0 1.0
0.025 57.25 2.0
0.025 59.5 2.0
0.025 61.75 4.0
0.025 64.0 2.0
0.025 66.25 5.0
0.025 68.5 2.0
0.025 70.75 4.0
0.025 73.0 3.0
0.025 75.25 5.0
0.025 77.5 5.0
0.025 79.75 5.0
0.025 82.0 2.0
0.025 84.25 2.0
0.025 86.5 3.0
0.025 88.75 1.0
0.025 91.0 3.0
0.025 93.25 4.0
0.025 95.5 0.0
0.025 97.75 1.0
0.025 100.0 2.0
0.05 10.0 9.0
0.05 12.25 13.0
0.05 14.5 16.0
0.05 16.75 15.0
0.05 19.0 8.0
0.05 21.25 6.0
0.05 23.5 3.0
0.05 25.75 8.0
0.05 28.0 12.0
0.05 30.25 8.0
0.05 32.5 10.0
0.05 34.75 5.0
0.05 37.0 12.0
0.05 39.25 6.0
0.05 41.5 7.0
0.05 43.75 9.0
0.05 46.0 9.0
0.05 48.25 8.0
0.05 50.5 8.0
0.05 52.75 8.0
0.05 55.0 10.0
0.05 57.25 12.0
0.05 59.5 7.0
0.05 61.75 10.0
0.05 64.0 8.0
0.05 66.25 7.0
0.05 68.5 7.0
0.05 70.75 6.0
0.05 73.0 9.0
0.05 75.25 5.0
0.05 77.5 8.0
0.05 79.75 6.0
0.05 82.0 6.0
0.05 84.25 10.0
0.05 86.5 13.0
0.05 88.75 5.0
0.05 91.0 4.0
0.05 93.25 10.0
0.05 95.5 4.0
0.05 97.75 9.0
0.05 100.0 5.0
0.07500000000000001 10.0 21.0
0.07500000000000001 12.25 13.0
0.07500000000000001 14.5 22.0
0.07500000000000001 16.75 17.0
0.07500000000000001 19.0 8.0
0.07500000000000001 21.25 16.0
0.07500000000000001 23.5 14.0
0.07500000000000001 25.75 18.0
0.07500000000000001 28.0 21.0
0.07500000000000001 30.25 16.0
0.07500000000000001 32.5 7.0
0.07500000000000001 34.75 6.0
0.07500000000000001 37.0 15.0
0.07500000000000001 39.25 13.0
0.07500000000000001 41.5 14.0
0.07500000000000001 43.75 13.0
0.07500000000000001 46.0 20.0
0.07500000000000001 48.25 13.0
0.07500000000000001 50.5 13.0
0.07500000000000001 52.75 9.0
0.07500000000000001 55.0 9.0
0.07500000000000001 57.25 6.0
0.07500000000000001 59.5 7.0
0.07500000000000001 61.75 8.0
0.07500000000000001 64.0 12.0
0.07500000000000001 66.25 9.0
0.07500000000000001 68.5 5.0
0.07500000000000001 70.75 13.0
0.07500000000000001 73.0 8.0
0.07500000000000001 75.25 4.0
0.07500000000000001 77.5 16.0
0.07500000000000001 79.75 11.0
0.07500000000000001 82.0 12.0
0.07500000000000001 84.25 8.0
0.07500000000000001 86.5 7.0
0.07500000000000001 88.75 12.0
0.07500000000000001 91.0 5.0
0.07500000000000001 93.25 9.0
0.07500000000000001 95.5 13.0
0.07500000000000001 97.75 15.0
0.07500000000000001 100.0 6.0
0.1 10.0 30.0
0.1 12.25 26.0
0.1 14.5 16.0
0.1 16.75 25.0
0.1 19.0 22.0
0.1 21.25 18.0
0.1 23.5 20.0
0.1 25.75 21.0
0.1 28.0 22.0
0.1 30.25 22.0
0.1 32.5 14.0
0.1 34.75 10.0
0.1 37.0 23.0
0.1 39.25 20.0
0.1 41.5 18.0
0.1 43.75 16.0
0.1 46.0 18.0
0.1 48.25 15.0
0.1 50.5 14.0
0.1 52.75 17.0
0.1 55.0 17.0
0.1 57.25 15.0
0.1 59.5 17.0
0.1 61.75 17.0
0.1 64.0 16.0
0.1 66.25 8.0
0.1 68.5 9.0
0.1 70.75 19.0
0.1 73.0 11.0
0.1 75.25 16.0
0.1 77.5 11.0
0.1 79.75 12.0
0.1 82.0 12.0
0.1 84.25 13.0
0.1 86.5 13.0
0.1 88.75 16.0
0.1 91.0 16.0
0.1 93.25 12.0
0.1 95.5 8.0
0.1 97.75 22.0
0.1 100.0 1.0
0.125 10.0 28.0
0.125 12.25 34.0
0.125 14.5 27.0
0.125 16.75 23.0
0.125 19.0 21.0
0.125 21.25 23.0
0.125 23.5 27.0
0.125 25.75 24.0
0.125 28.0 29.0
0.125 30.25 20.0
0.125 32.5 22.0
0.125 34.75 24.0
0.125 37.0 26.0
0.125 39.25 25.0
0.125 41.5 27.0
0.125 43.75 25.0
0.125 46.0 16.0
0.125 48.25 20.0
0.125 50.5 15.0
0.125 52.75 14.0
0.125 55.0 19.0
0.125 57.25 15.0
0.125 59.5 23.0
0.125 61.75 20.0
0.125 64.0 25.0
0.125 66.25 13.0
0.125 68.5 11.0
0.125 70.75 16.0
0.125 73.0 17.0
0.125 75.25 16.0
0.125 77.5 15.0
0.125 79.75 14.0
0.125 82.0 17.0
0.125 84.25 21.0
0.125 86.5 18.0
0.125 88.75 23.0
0.125 91.0 20.0
0.125 93.25 15.0
0.125 95.5 15.0
0.125 97.75 23.0
0.125 100.0 11.0
0.15000000000000002 10.0 47.0
0.15000000000000002 12.25 33.0
0.15000000000000002 14.5 24.0
0.15000000000000002 16.75 30.0
0.15000000000000002 19.0 33.0
0.15000000000000002 21.25 26.0
0.15000000000000002 23.5 28.0
0.15000000000000002 25.75 33.0
0.15000000000000002 28.0 26.0
0.15000000000000002 30.25 27.0
0.15000000000000002 32.5 37.0
0.15000000000000002 34.75 34.0
0.15000000000000002 37.0 26.0
0.15000000000000002 39.25 27.0
0.15000000000000002 41.5 22.0
0.15000000000000002 43.75 24.0
0.15000000000000002 46.0 32.0
0.15000000000000002 48.25 23.0
0.15000000000000002 50.5 14.0
0.15000000000000002 52.75 22.0
0.15000000000000002 55.0 20.0
0.15000000000000002 57.25 25.0
0.15000000000000002 59.5 22.0
0.15000000000000002 61.75 27.0
0.15000000000000002 64.0 33.0
0.15000000000000002 66.25 24.0
0.15000000000000002 68.5 18.0
0.15000000000000002 70.75 16.0
0.15000000000000002 73.0 20.0
0.15000000000000002 75.25 20.0
0.15000000000000002 77.5 21.0
0.15000000000000002 79.75 28.0
0.15000000000000002 82.0 24.0
0.15000000000000002 84.25 20.0
0.15000000000000002 86.5 24.0
0.15000000000000002 88.75 27.0
0.15000000000000002 91.0 24.0
0.15000000000000002 93.25 18.0
0.15000000000000002 95.5 17.0
0.15000000000000002 97.75 20.0
0.15000000000000002 100.0 13.0
0.17500000000000002 10.0 46.0
0.17500000000000002 12.25 51.0
0.17500000000000002 14.5 33.0
0.17500000000000002 16.75 44.0
0.17500000000000002 19.0 34.0
0.17500000000000002 21.25 37.0
0.17500000000000002 23.5 28.0
0.17500000000000002 25.75 39.0
0.17500000000000002 28.0 38.0
0.17500000000000002 30.25 37.0
0.17500000000000002 32.5 41.0
0.17500000000000002 34.75 29.0
0.17500000000000002 37.0 27.0
0.17500000000000002 39.25 24.0
0.17500000000000002 41.5 24.0
0.17500000000000002 43.75 26.0
0.17500000000000002 46.0 28.0
0.17500000000000002 48.25 22.0
0.17500000000000002 50.5 25.0
0.17500000000000002 52.75 24.0
0.17500000000000002 55.0 25.0
0.17500000000000002 57.25 26.0
0.17500000000000002 59.5 25.0
0.17500000000000002 61.75 20.0
0.17500000000000002 64.0 24.0
0.17500000000000002 66.25 18.0
0.17500000000000002 68.5 22.0
0.17500000000000002 70.75 23.0
0.17500000000000002 73.0 18.0
0.17500000000000002 75.25 22.0
0.17500000000000002 77.5 19.0
0.17500000000000002 79.75 29.0
0.17500000000000002 82.0 19.0
0.17500000000000002 84.25 36.0
0.17500000000000002 86.5 31.0
0.17500000000000002 88.75 21.0
0.17500000000000002 91.0 20.0
0.17500000000000002 93.25 20.0
0.17500000000000002 95.5 37.0
0.17500000000000002 97.75 27.0
0.17500000000000002 100.0 19.0
0.2 10.0 65.0
0.2 12.25 46.0
0.2 14.5 43.0
0.2 16.75 42.0
0.2 19.0 34.0
0.2 21.25 38.0
0.2 23.5 39.0
0.2 25.75 38.0
0.2 28.0 39.0
0.2 30.25 44.0
0.2 32.5 41.0
0.2 34.75 46.0
0.2 37.0 35.0
0.2 39.25 42.0
0.2 41.5 27.0
0.2 43.75 25.0
0.2 46.0 35.0
0.2 48.25 27.0
0.2 50.5 26.0
0.2 52.75 37.0
0.2 55.0 25.0
0.2 57.25 23.0
0.2 59.5 27.0
0.2 61.75 30.0
0.2 64.0 34.0
0.2 66.25 28.0
0.2 68.5 18.0
0.2 70.75 19.0
0.2 73.0 26.0
0.2 75.25 31.0
0.2 77.5 24.0
0.2 79.75 26.0
0.2 82.0 28.0
0.2 84.25 31.0
0.2 86.5 40.0
0.2 88.75 30.0
0.2 91.0 24.0
0.2 93.25 23.0
0.2 95.5 33.0
0.2 97.75 27.0
0.2 100.0 25.0
0.225 10.0 57.0
0.225 12.25 50.0
0.225 14.5 48.0
0.225 16.75 58.0
0.225 19.0 41.0
0.225 21.25 42.0
0.225 23.5 44.0
0.225 25.75 53.0
0.225 28.0 39.0
0.225 30.25 37.0
0.225 32.5 41.0
0.225 34.75 27.0
0.225 37.0 26.0
0.225 39.25 45.0
0.225 41.5 37.0
0.225 43.75 40.0
0.225 46.0 33.0
0.225 48.25 46.0
0.225 50.5 37.0
0.225 52.75 23.0
0.225 55.0 34.0
0.225 57.25 29.0
0.225 59.5 42.0
0.225 61.75 40.0
0.225 64.0 44.0
0.225 66.25 31.0
0.225 68.5 29.0
0.225 70.75 31.0
0.225 73.0 27.0
0.225 75.25 26.0
0.225 77.5 28.0
0.225 79.75 32.0
0.225 82.0 30.0
0.225 84.25 32.0
0.225 86.5 37.0
0.225 88.75 27.0
0.225 91.0 37.0
0.225 93.25 34.0
0.225 95.5 37.0
0.225 97.75 31.0
0.225 100.0 16.0
0.25 10.0 61.0
0.25 12.25 68.0
0.25 14.5 45.0
0.25 16.75 65.0
0.25 19.0 52.0
0.25 21.25 55.0
0.25 23.5 53.0
0.25 25.75 42.0
0.25 28.0 59.0
0.25 30.25 52.0
0.25 32.5 52.0
0.25 34.75 63.0
0.25 37.0 50.0
0.25 39.25 55.0
0.25 41.5 43.0
0.25 43.75 34.0
0.25 46.0 48.0
0.25 48.25 30.0
0.25 50.5 31.0
0.25 52.75 45.0
0.25 55.0 44.0
0.25 57.25 29.0
0.25 59.5 43.0
0.25 61.75 38.0
0.25 64.0 34.0
0.25 66.25 27.0
0.25 68.5 25.0
0.25 70.75 25.0
0.25 73.0 22.0
0.25 75.25 28.0
0.25 77.5 31.0
0.25 79.75 28.0
0.25 82.0 32.0
0.25 84.25 32.0
0.25 86.5 41.0
0.25 88.75 38.0
0.25 91.0 33.0
0.25 93.25 34.0
0.25 95.5 35.0
0.25 97.75 41.0
0.25 100.0 27.0
0.275 10.0 90.0
0.275 12.25 64.0
0.275 14.5 54.0
0.275 16.75 57.0
0.275 19.0 57.0
0.275 21.25 49.0
0.275 23.5 51.0
0.275 25.75 56.0
0.275 28.0 57.0
0.275 30.25 61.0
0.275 32.5 48.0
0.275 34.75 52.0
0.275 37.0 50.0
0.275 39.25 67.0
0.275 41.5 32.0
0.275 43.75 51.0
0.275 46.0 43.0
0.275 48.25 46.0
0.275 50.5 44.0
0.275 52.75 42.0
0.275 55.0 50.0
0.275 57.25 39.0
0.275 59.5 36.0
0.275 61.75 44.0
0.275 64.0 43.0
0.275 66.25 30.0
0.275 68.5 29.0
0.275 70.75 38.0
0.275 73.0 38.0
0.275 75.25 40.0
0.275 77.5 38.0
0.275 79.75 34.0
0.275 82.0 45.0
0.275 84.25 50.0
0.275 86.5 44.0
0.275 88.75 36.0
0.275 91.0 38.0
0.275 93.25 36.0
0.275 95.5 35.0
0.275 97.75 30.0
0.275 100.0 20.0
0.30000000000000004 10.0 95.0
0.30000000000000004 12.25 76.0
0.30000000000000004 14.5 65.0
0.30000000000000004 16.75 65.0
0.30000000000000004 19.0 64.0
0.30000000000000004 21.25 57.0
0.30000000000000004 23.5 58.0
0.30000000000000004 25.75 66.0
0.30000000000000004 28.0 53.0
0.30000000000000004 30.25 49.0
0.30000000000000004 32.5 61.0
0.30000000000000004 34.75 60.0
0.30000000000000004 37.0 47.0
0.30000000000000004 39.25 55.0
0.30000000000000004 41.5 47.0
0.30000000000000004 43.75 40.0
0.30000000000000004 46.0 58.0
0.30000000000000004 48.25 41.0
0.30000000000000004 50.5 33.0
0.30000000000000004 52.75 44.0
0.30000000000000004 55.0 49.0
0.30000000000000004 57.25 41.0
0.30000000000000004 59.5 41.0
0.30000000000000004 61.75 41.0
0.30000000000000004 64.0 44.0
0.30000000000000004 66.25 37.0
0.30000000000000004 68.5 40.0
0.30000000000000004 70.75 36.0
0.30000000000000004 73.0 31.0
0.30000000000000004 75.25 38.0
0.30000000000000004 77.5 39.0
0.30000000000000004 79.75 48.0
0.30000000000000004 82.0 35.0
0.30000000000000004 84.25 45.0
0.30000000000000004 86.5 43.0
0.30000000000000004 88.75 44.0
0.30000000000000004 91.0 48.0
0.30000000000000004 93.25 45.0
0.30000000000000004 95.5 50.0
0.30000000000000004 97.75 48.0
0.30000000000000004 100.0 22.0
0.325 10.0 87.0
0.325 12.25 100.0
0.325 14.5 66.0
0.325 16.75 81.0
0.325 19.0 66.0
0.325 21.25 71.0
0.325 23.5 66.0
0.325 25.75 57.0
0.325 28.0 57.0
0.325 30.25 65.0
0.325 32.5 66.0
0.325 34.75 59.0
0.325 37.0 60.0
0.325 39.25 72.0
0.325 41.5 53.0
0.325 43.75 60.0
0.325 46.0 59.0
0.325 48.25 47.0
0.325 50.5 51.0
0.325 52.75 45.0
0.325 55.0 44.0
0.325 57.25 44.0
0.325 59.5 39.0
0.325 61.75 51.0
0.325 64.0 50.0
0.325 66.25 41.0
0.325 68.5 41.0
0.325 70.75 46.0
0.325 73.0 29.0
0.325 75.25 39.0
0.325 77.5 43.0
0.325 79.75 42.0
0.325 82.0 45.0
0.325 84.25 39.0
0.325 86.5 38.0
0.325 88.75 40.0
0.325 91.0 42.0
0.325 93.25 51.0
0.325 95.5 49.0
0.325 97.75 57.0
0.325 100.0 35.0
0.35000000000000003 10.0 105.0
0.35000000000000003 12.25 98.0
0.35000000000000003 14.5 69.0
0.35000000000000003 16.75 83.0
0.35000000000000003 19.0 69.0
0.35000000000000003 21.25 73.0
0.35000000000000003 23.5 73.0
0.35000000000000003 25.75 73.0
0.35000000000000003 28.0 76.0
0.35000000000000003 30.25 64.0
0.35000000000000003 32.5 61.0
0.35000000000000003 34.75 65.0
0.35000000000000003 37.0 66.0
0.35000000000000003 39.25 68.0
0.35000000000000003 41.5 67.0
0.35000000000000003 43.75 60.0
0.35000000000000003 46.0 59.0
0.35000000000000003 48.25 57.0
0.35000000000000003 50.5 49.0
0.35000000000000003 52.75 46.0
0.35000000000000003 55.0 54.0
0.35000000000000003 57.25 57.0
0.35000000000000003 59.5 44.0
0.35000000000000003 61.75 52.0
0.35000000000000003 64.0 67.0
0.35000000000000003 66.25 38.0
0.35000000000000003 68.5 43.0
0.35000000000000003 70.75 38.0
0.35000000000000003 73.0 42.0
0.35000000000000003 75.25 45.0
0.35000000000000003 77.5 46.0
0.35000000000000003 79.75 43.0
0.35000000000000003 82.0 51.0
0.35000000000000003 84.25 50.0
0.35000000000000003 86.5 46.0
0.35000000000000003 88.75 65.0
0.35000000000000003 91.0 50.0
0.35000000000000003 93.25 48.0
0.35000000000000003 95.5 53.0
0.35000000000000003 97.75 58.0
0.35000000000000003 100.0 23.0
0.375 10.0 117.0
0.375 12.25 82.0
0.375 14.5 84.0
0.375 16.75 79.0
0.375 19.0 61.0
0.375 21.25 81.0
0.375 23.5 70.0
0.375 25.75 86.0
0.375 28.0 71.0
0.375 30.25 76.0
0.375 32.5 64.0
0.375 34.75 69.0
0.375 37.0 52.0
0.375 39.25 72.0
0.375 41.5 58.0
0.375 43.75 52.0
0.375 46.0 66.0
0.375 48.25 54.0
0.375 50.5 53.0
0.375 52.75 46.0
0.375 55.0 53.0
0.375 57.25 60.0
0.375 59.5 51.0
0.375 61.75 58.0
0.375 64.0 53.0
0.375 66.25 39.0
0.375 68.5 44.0
0.375 70.75 38.0
0.375 73.0 39.0
0.375 75.25 52.0
0.375 77.5 49.0
0.375 79.75 55.0
0.375 82.0 51.0
0.375 84.25 61.0
0.375 86.5 53.0
0.375 88.75 46.0
0.375 91.0 57.0
0.375 93.25 57.0
0.375 95.5 56.0
0.375 97.75 56.0
0.375 100.0 31.0
0.4 10.0 117.0
0.4 12.25 93.0
0.4 14.5 82.0
0.4 16.75 87.0
0.4 19.0 68.0
0.4 21.25 69.0
0.4 23.5 66.0
0.4 25.75 72.0
0.4 28.0 86.0
0.4 30.25 84.0
0.4 32.5 78.0
0.4 34.75 76.0
0.4 37.0 75.0
0.4 39.25 78.0
0.4 41.5 67.0
0.4 43.75 66.0
0.4 46.0 75.0
0.4 48.25 50.0
0.4 50.5 51.0
0.4 52.75 47.0
0.4 55.0 55.0
0.4 57.25 56.0
0.4 59.5 55.0
0.4 61.75 72.0
0.4 64.0 69.0
0.4 66.25 48.0
0.4 68.5 46.0
0.4 70.75 53.0
0.4 73.0 53.0
0.4 75.25 56.0
0.4 77.5 48.0
0.4 79.75 48.0
0.4 82.0 54.0
0.4 84.25 55.0
0.4 86.5 49.0
0.4 88.75 59.0
0.4 91.0 59.0
0.4 93.25 55.0
0.4 95.5 62.0
0.4 97.75 64.0
0.4 100.0 37.0
0.42500000000000004 10.0 141.0
0.42500000000000004 12.25 113.0
0.42500000000000004 14.5 82.0
0.42500000000000004 16.75 94.0
0.42500000000000004 19.0 90.0
0.42500000000000004 21.25 94.0
0.42500000000000004 23.5 79.0
0.42500000000000004 25.75 81.0
0.42500000000000004 28.0 98.0
0.42500000000000004 30.25 76.0
0.42500000000000004 32.5 85.0
0.42500000000000004 34.75 76.0
0.42500000000000004 37.0 83.0
0.42500000000000004 39.25 79.0
0.42500000000000004 41.5 63.0
0.42500000000000004 43.75 77.0
0.42500000000000004 46.0 81.0
0.42500000000000004 48.25 59.0
0.42500000000000004 50.5 56.0
0.42500000000000004 52.75 68.0
0.42500000000000004 55.0 65.0
0.42500000000000004 57.25 59.0
0.42500000000000004 59.5 60.0
0.42500000000000004 61.75 74.0
0.42500000000000004 64.0 74.0
0.42500000000000004 66.25 51.0
0.42500000000000004 68.5 56.0
0.42500000000000004 70.75 50.0
0.42500000000000004 73.0 57.0
0.42500000000000004 75.25 55.0
0.42500000000000004 77.5 55.0
0.42500000000000004 79.75 58.0
0.42500000000000004 82.0 65.0
0.42500000000000004 84.25 64.0
0.42500000000000004 86.5 68.0
0.42500000000000004 88.75 68.0
0.42500000000000004 91.0 74.0
0.42500000000000004 93.25 62.0
0.42500000000000004 95.5 74.0
0.42500000000000004 97.75 71.0
0.42500000000000004 100.0 28.0
0.45 10.0 129.0
0.45 12.25 110.0
0.45 14.5 99.0
0.45 16.75 89.0
0.45 19.0 83.0
0.45 21.25 90.0
0.45 23.5 91.0
0.45 25.75 85.0
0.45 28.0 66.0
0.45 30.25 84.0
0.45 32.5 85.0
0.45 34.75 83.0
0.45 37.0 91.0
0.45 39.25 97.0
0.45 41.5 75.0
0.45 43.75 81.0
0.45 46.0 70.0
0.45 48.25 60.0
0.45 50.5 58.0
0.45 52.75 62.0
0.45 55.0 47.0
0.45 57.25 58.0
0.45 59.5 70.0
0.45 61.75 78.0
0.45 64.0 81.0
0.45 66.25 54.0
0.45 68.5 48.0
0.45 70.75 59.0
0.45 73.0 58.0
0.45 75.25 56.0
0.45 77.5 59.0
0.45 79.75 59.0
0.45 82.0 65.0
0.45 84.25 71.0
0.45 86.5 66.0
0.45 88.75 77.0
0.45 91.0 62.0
0.45 93.25 72.0
0.45 95.5 72.0
0.45 97.75 66.0
0.45 100.0 45.0
0.47500000000000003 10.0 150.0
0.47500000000000003 12.25 122.0
0.47500000000000003 14.5 97.0
0.47500000000000003 16.75 103.0
0.47500000000000003 19.0 102.0
0.47500000000000003 21.25 108.0
0.47500000000000003 23.5 93.0
0.47500000000000003 25.75 83.0
0.47500000000000003 28.0 82.0
0.47500000000000003 30.25 94.0
0.47500000000000003 32.5 99.0
0.47500000000000003 34.75 88.0
0.47500000000000003 37.0 86.0
0.47500000000000003 39.25 101.0
0.47500000000000003 41.5 74.0
0.47500000000000003 43.75 80.0
0.47500000000000003 46.0 93.0
0.47500000000000003 48.25 78.0
0.47500000000000003 50.5 64.0
0.47500000000000003 52.75 48.0
0.47500000000000003 55.0 69.0
0.47500000000000003 57.25 65.0
0.47500000000000003 59.5 64.0
0.47500000000000003 61.75 79.0
0.47500000000000003 64.0 76.0
0.47500000000000003 66.25 61.0
0.47500000000000003 68.5 57.0
0.47500000000000003 70.75 53.0
0.47500000000000003 73.0 61.0
0.47500000000000003 75.25 61.0
0.47500000000000003 77.5 56.0
0.47500000000000003 79.75 68.0
0.47500000000000003 82.0 63.0
0.47500000000000003 84.25 67.0
0.47500000000000003 86.5 67.0
0.47500000000000003 88.75 73.0
0.47500000000000003 91.0 79.0
0.47500000000000003 93.25 81.0
0.47500000000000003 95.5 71.0
0.47500000000000003 97.75 71.0
0.47500000000000003 100.0 30.0
0.5 10.0 160.0
0.5 12.25 121.0
0.5 14.5 95.0
0.5 16.75 92.0
0.5 19.0 103.0
0.5 21.25 101.0
0.5 23.5 101.0
0.5 25.75 86.0
0.5 28.0 101.0
0.5 30.25 84.0
0.5 32.5 93.0
0.5 34.75 94.0
0.5 37.0 101.0
0.5 39.25 90.0
0.5 41.5 84.0
0.5 43.75 88.0
0.5 46.0 90.0
0.5 48.25 77.0
0.5 50.5 67.0
0.5 52.75 65.0
0.5 55.0 67.0
0.5 57.25 70.0
0.5 59.5 72.0
0.5 61.75 83.0
0.5 64.0 73.0
0.5 66.25 61.0
0.5 68.5 54.0
0.5 70.75 57.0
0.5 73.0 69.0
0.5 75.25 66.0
0.5 77.5 55.0
0.5 79.75 81.0
0.5 82.0 66.0
0.5 84.25 65.0
0.5 86.5 82.0
0.5 88.75 90.0
0.5 91.0 78.0
0.5 93.25 78.0
0.5 95.5 80.0
0.5 97.75 79.0
0.5 100.0 38.0
0.525 10.0 156.0
0.525 12.25 138.0
0.525 14.5 109.0
0.525 16.75 123.0
0.525 19.0 111.0
0.525 21.25 109.0
0.525 23.5 95.0
0.525 25.75 112.0
0.525 28.0 97.0
0.525 30.25 90.0
0.525 32.5 110.0
0.525 34.75 93.0
0.525 37.0 92.0
0.525 39.25 98.0
0.525 41.5 80.0
0.525 43.75 89.0
0.525 46.0 92.0
0.525 48.25 90.0
0.525 50.5 70.0
0.525 52.75 71.0
0.525 55.0 70.0
0.525 57.25 75.0
0.525 59.5 85.0
0.525 61.75 93.0
0.525 64.0 87.0
0.525 66.25 54.0
0.525 68.5 62.0
0.525 70.75 58.0
0.525 73.0 57.0
0.525 75.25 57.0
0.525 77.5 76.0
0.525 79.75 65.0
0.525 82.0 69.0
0.525 84.25 81.0
0.525 86.5 72.0
0.525 88.75 83.0
0.525 91.0 85.0
0.525 93.25 92.0
0.525 95.5 76.0
0.525 97.75 85.0
0.525 100.0 44.0
0.55 10.0 157.0
0.55 12.25 129.0
0.55 14.5 123.0
0.55 16.75 131.0
0.55 19.0 101.0
0.55 21.25 127.0
0.55 23.5 100.0
0.55 25.75 116.0
0.55 28.0 96.0
0.55 30.25 108.0
0.55 32.5 108.0
0.55 34.75 94.0
0.55 37.0 105.0
0.55 39.25 112.0
0.55 41.5 93.0
0.55 43.75 94.0
0.55 46.0 92.0
0.55 48.25 79.0
0.55 50.5 71.0
0.55 52.75 74.0
0.55 55.0 73.0
0.55 57.25 73.0
0.55 59.5 88.0
0.55 61.75 80.0
0.55 64.0 93.0
0.55 66.25 55.0
0.55 68.5 60.0
0.55 70.75 72.0
0.55 73.0 70.0
0.55 75.25 72.0
0.55 77.5 74.0
0.55 79.75 75.0
0.55 82.0 75.0
0.55 84.25 77.0
0.55 86.5 77.0
0.55 88.75 73.0
0.55 91.0 82.0
0.55 93.25 89.0
0.55 95.5 74.0
0.55 97.75 95.0
0.55 100.0 54.0
0.5750000000000001 10.0 180.0
0.5750000000000001 12.25 159.0
0.5750000000000001 14.5 110.0
0.5750000000000001 16.75 125.0
0.5750000000000001 19.0 124.0
0.5750000000000001 21.25 113.0
0.5750000000000001 23.5 108.0
0.5750000000000001 25.75 115.0
0.5750000000000001 28.0 128.0
0.5750000000000001 30.25 105.0
0.5750000000000001 32.5 111.0
0.5750000000000001 34.75 94.0
0.5750000000000001 37.0 111.0
0.5750000000000001 39.25 113.0
0.5750000000000001 41.5 93.0
0.5750000000000001 43.75 89.0
0.5750000000000001 46.0 103.0
0.5750000000000001 48.25 85.0
0.5750000000000001 50.5 79.0
0.5750000000000001 52.75 79.0
0.5750000000000001 55.0 72.0
0.5750000000000001 57.25 80.0
0.5750000000000001 59.5 88.0
0.5750000000000001 61.75 98.0
0.5750000000000001 64.0 91.0
0.5750000000000001 66.25 64.0
0.5750000000000001 68.5 54.0
0.5750000000000001 70.75 78.0
0.5750000000000001 73.0 64.0
0.5750000000000001 75.25 71.0
0.5750000000000001 77.5 75.0
0.5750000000000001 79.75 81.0
0.5750000000000001 82.0 67.0
0.5750000000000001 84.25 80.0
0.5750000000000001 86.5 81.0
0.5750000000000001 88.75 92.0
0.5750000000000001 91.0 94.0
0.5750000000000001 93.25 90.0
0.5750000000000001 95.5 91.0
0.5750000000000001 97.75 85.0
0.5750000000000001 100.0 50.0
0.6000000000000001 10.0 187.0
0.6000000000000001 12.25 155.0
0.6000000000000001 14.5 127.0
0.6000000000000001 16.75 136.0
0.6000000000000001 19.0 115.0
0.6000000000000001 21.25 135.0
0.6000000000000001 23.5 108.0
0.6000000000000001 25.75 116.0
0.6000000000000001 28.0 123.0
0.6000000000000001 30.25 108.0
0.6000000000000001 32.5 124.0
0.6000000000000001 34.75 113.0
0.6000000000000001 37.0 99.0
0.6000000000000001 39.25 113.0
0.6000000000000001 41.5 88.0
0.6000000000000001 43.75 108.0
0.6000000000000001 46.0 108.0
0.6000000000000001 48.25 100.0
0.6000000000000001 50.5 84.0
0.6000000000000001 52.75 66.0
0.6000000000000001 55.0 93.0
0.6000000000000001 57.25 88.0
0.6000000000000001 59.5 87.0
0.6000000000000001 61.75 98.0
0.6000000000000001 64.0 99.0
0.6000000000000001 66.25 58.0
0.6000000000000001 68.5 71.0
0.6000000000000001 70.75 76.0
0.6000000000000001 73.0 69.0
0.6000000000000001 75.25 71.0
0.6000000000000001 77.5 77.0
0.6000000000000001 79.75 82.0
0.6000000000000001 82.0 90.0
0.6000000000000001 84.25 89.0
0.6000000000000001 86.5 87.0
0.6000000000000001 88.75 96.0
0.6000000000000001 91.0 91.0
0.6000000000000001 93.25 92.0
0.6000000000000001 95.5 100.0
0.6000000000000001 97.75 93.0
0.6000000000000001 100.0 43.0
0.625 10.0 200.0
0.625 12.25 157.0
0.625 14.5 122.0
0.625 16.75 141.0
0.625 19.0 127.0
0.625 21.25 132.0
0.625 23.5 112.0
0.625 25.75 123.0
0.625 28.0 126.0
0.625 30.25 122.0
0.625 32.5 128.0
0.625 34.75 114.0
0.625 37.0 116.0
0.625 39.25 128.0
0.625 41.5 98.0
0.625 43.75 86.0
0.625 46.0 119.0
0.625 48.25 96.0
0.625 50.5 85.0
0.625 52.75 80.0
0.625 55.0 89.0
0.625 57.25 82.0
0.625 59.5 96.0
0.625 61.75 105.0
0.625 64.0 102.0
0.625 66.25 65.0
0.625 68.5 76.0
0.625 70.75 75.0
0.625 73.0 79.0
0.625 75.25 92.0
0.625 77.5 85.0
0.625 79.75 82.0
0.625 82.0 88.0
0.625 84.25 94.0
0.625 86.5 89.0
0.625 88.75 88.0
0.625 91.0 101.0
0.625 93.25 88.0
0.625 95.5 97.0
0.625 97.75 93.0
0.625 100.0 48.0
0.65 10.0 177.0
0.65 12.25 165.0
0.65 14.5 118.0
0.65 16.75 142.0
0.65 19.0 131.0
0.65 21.25 147.0
0.65 23.5 128.0
0.65 25.75 121.0
0.65 28.0 127.0
0.65 30.25 130.0
0.65 32.5 112.0
0.65 34.75 115.0
0.65 37.0 124.0
0.65 39.25 127.0
0.65 41.5 107.0
0.65 43.75 95.0
0.65 46.0 107.0
0.65 48.25 111.0
0.65 50.5 88.0
0.65 52.75 74.0
0.65 55.0 96.0
0.65 57.25 98.0
0.65 59.5 100.0
0.65 61.75 101.0
0.65 64.0 113.0
0.65 66.25 78.0
0.65 68.5 71.0
0.65 70.75 67.0
0.65 73.0 76.0
0.65 75.25 79.0
0.65 77.5 89.0
0.65 79.75 76.0
0.65 82.0 91.0
0.65 84.25 84.0
0.65 86.5 94.0
0.65 88.75 93.0
0.65 91.0 98.0
0.65 93.25 101.0
0.65 95.5 96.0
0.65 97.75 106.0
0.65 100.0 48.0
0.675 10.0 216.0
0.675 12.25 172.0
0.675 14.5 152.0
0.675 16.75 149.0
0.675 19.0 136.0
0.675 21.25 134.0
0.675 23.5 130.0
0.675 25.75 132.0
0.675 28.0 143.0
0.675 30.25 132.0
0.675 32.5 122.0
0.675 34.75 119.0
0.675 37.0 123.0
0.675 39.25 135.0
0.675 41.5 102.0
0.675 43.75 113.0
0.675 46.0 114.0
0.675 48.25 108.0
0.675 50.5 97.0
0.675 52.75 90.0
0.675 55.0 105.0
0.675 57.25 100.0
0.675 59.5 111.0
0.675 61.75 106.0
0.675 64.0 118.0
0.675 66.25 77.0
0.675 68.5 69.0
0.675 70.75 82.0
0.675 73.0 79.0
0.675 75.25 85.0
0.675 77.5 93.0
0.675 79.75 83.0
0.675 82.0 89.0
0.675 84.25 101.0
0.675 86.5 90.0
0.675 88.75 109.0
0.675 91.0 105.0
0.675 93.25 98.0
0.675 95.5 109.0
0.675 97.75 110.0
0.675 100.0 56.0
0.7000000000000001 10.0 213.0
0.7000000000000001 12.25 187.0
0.7000000000000001 14.5 147.0
0.7000000000000001 16.75 155.0
0.7000000000000001 19.0 139.0
0.7000000000000001 21.25 149.0
0.7000000000000001 23.5 136.0
0.7000000000000001 25.75 132.0
0.7000000000000001 28.0 139.0
0.7000000000000001 30.25 142.0
0.7000000000000001 32.5 128.0
0.7000000000000001 34.75 124.0
0.7000000000000001 37.0 132.0
0.7000000000000001 39.25 145.0
0.7000000000000001 41.5 106.0
0.7000000000000001 43.75 108.0
0.7000000000000001 46.0 122.0
0.7000000000000001 48.25 105.0
0.7000000000000001 50.5 105.0
0.7000000000000001 52.75 98.0
0.7000000000000001 55.0 97.0
0.7000000000000001 57.25 98.0
0.7000000000000001 59.5 104.0
0.7000000000000001 61.75 98.0
0.7000000000000001 64.0 118.0
0.7000000000000001 66.25 84.0
0.7000000000000001 68.5 75.0
0.7000000000000001 70.75 87.0
0.7000000000000001 73.0 84.0
0.7000000000000001 75.25 99.0
0.7000000000000001 77.5 96.0
0.7000000000000001 79.75 103.0
0.7000000000000001 82.0 84.0
0.7000000000000001 84.25 100.0
0.7000000000000001 86.5 106.0
0.7000000000000001 88.75 111.0
0.7000000000000001 91.0 110.0
0.7000000000000001 93.25 102.0
0.7000000000000001 95.5 95.0
0.7000000000000001 97.75 101.0
0.7000000000000001 100.0 55.0
0.7250000000000001 10.0 227.0
0.7250000000000001 12.25 201.0
0.7250000000000001 14.5 148.0
0.7250000000000001 16.75 155.0
0.7250000000000001 19.0 146.0
0.7250000000000001 21.25 152.0
0.7250000000000001 23.5 132.0
0.7250000000000001 25.75 142.0
0.7250000000000001 28.0 143.0
0.7250000000000001 30.25 141.0
0.7250000000000001 32.5 146.0
0.7250000000000001 34.75 124.0
0.7250000000000001 37.0 119.0
0.7250000000000001 39.25 142.0
0.7250000000000001 41.5 118.0
0.7250000000000001 43.75 114.0
0.7250000000000001 46.0 134.0
0.7250000000000001 48.25 105.0
0.7250000000000001 50.5 95.0
0.7250000000000001 52.75 92.0
0.7250000000000001 55.0 111.0
0.7250000000000001 57.25 111.0
0.7250000000000001 59.5 110.0
0.7250000000000001 61.75 112.0
0.7250000000000001 64.0 124.0
0.7250000000000001 66.25 75.0
0.7250000000000001 68.5 83.0
0.7250000000000001 70.75 85.0
0.7250000000000001 73.0 86.0
0.7250000000000001 75.25 92.0
0.7250000000000001 77.5 97.0
0.7250000000000001 79.75 94.0
0.7250000000000001 82.0 88.0
0.7250000000000001 84.25 100.0
0.7250000000000001 86.5 109.0
0.7250000000000001 88.75 109.0
0.7250000000000001 91.0 114.0
0.7250000000000001 93.25 111.0
0.7250000000000001 95.5 106.0
0.7250000000000001 97.75 112.0
0.7250000000000001 100.0 59.0
0.75 10.0 232.0
0.75 12.25 202.0
0.75 14.5 159.0
0.75 16.75 164.0
0.75 19.0 147.0
0.75 21.25 165.0
0.75 23.5 143.0
0.75 25.75 137.0
0.75 28.0 152.0
0.75 30.25 152.0
0.75 32.5 146.0
0.75 34.75 130.0
0.75 37.0 118.0
0.75 39.25 164.0
0.75 41.5 114.0
0.75 43.75 121.0
0.75 46.0 145.0
0.75 48.25 118.0
0.75 50.5 102.0
0.75 52.75 91.0
0.75 55.0 101.0
0.75 57.25 96.0
0.75 59.5 125.0
0.75 61.75 112.0
0.75 64.0 127.0
0.75 66.25 91.0
0.75 68.5 93.0
0.75 70.75 96.0
0.75 73.0 98.0
0.75 75.25 101.0
0.75 77.5 93.0
0.75 79.75 104.0
0.75 82.0 99.0
0.75 84.25 107.0
0.75 86.5 109.0
0.75 88.75 110.0
0.75 91.0 118.0
0.75 93.25 122.0
0.75 95.5 112.0
0.75 97.75 117.0
0.75 100.0 60.0
0.775 10.0 230.0
0.775 12.25 192.0
0.775 14.5 155.0
0.775 16.75 180.0
0.775 19.0 164.0
0.775 21.25 166.0
0.775 23.5 152.0
0.775 25.75 149.0
0.775 28.0 145.0
0.775 30.25 150.0
0.775 32.5 156.0
0.775 34.75 139.0
0.775 37.0 142.0
0.775 39.25 147.0
0.775 41.5 128.0
0.775 43.75 127.0
0.775 46.0 134.0
0.775 48.25 118.0
0.775 50.5 98.0
0.775 52.75 100.0
0.775 55.0 114.0
0.775 57.25 112.0
0.775 59.5 122.0
0.775 61.75 124.0
0.775 64.0 126.0
0.775 66.25 85.0
0.775 68.5 89.0
0.775 70.75 91.0
0.775 73.0 92.0
0.775 75.25 94.0
0.775 77.5 98.0
0.775 79.75 106.0
0.775 82.0 105.0
0.775 84.25 108.0
0.775 86.5 118.0
0.775 88.75 117.0
0.775 91.0 126.0
0.775 93.25 111.0
0.775 95.5 116.0
0.775 97.75 123.0
0.775 100.0 61.0
0.8 10.0 240.0
0.8 12.25 208.0
0.8 14.5 168.0
0.8 16.75 178.0
0.8 19.0 150.0
0.8 21.25 162.0
0.8 23.5 159.0
0.8 25.75 161.0
0.8 28.0 154.0
0.8 30.25 158.0
0.8 32.5 158.0
0.8 34.75 148.0
0.8 37.0 153.0
0.8 39.25 152.0
0.8 41.5 132.0
0.8 43.75 122.0
0.8 46.0 146.0
0.8 48.25 134.0
0.8 50.5 101.0
0.8 52.75 99.0
0.8 55.0 114.0
0.8 57.25 110.0
0.8 59.5 124.0
0.8 61.75 134.0
0.8 64.0 126.0
0.8 66.25 82.0
0.8 68.5 92.0
0.8 70.75 103.0
0.8 73.0 96.0
0.8 75.25 105.0
0.8 77.5 105.0
0.8 79.75 109.0
0.8 82.0 118.0
0.8 84.25 118.0
0.8 86.5 118.0
0.8 88.75 129.0
0.8 91.0 125.0
0.8 93.25 124.0
0.8 95.5 123.0
0.8 97.75 122.0
0.8 100.0 65.0
0.8250000000000001 10.0 244.0
0.8250000000000001 12.25 210.0
0.8250000000000001 14.5 162.0
0.8250000000000001 16.75 177.0
0.8250000000000001 19.0 165.0
0.8250000000000001 21.25 177.0
0.8250000000000001 23.5 156.0
0.8250000000000001 25.75 166.0
0.8250000000000001 28.0 161.0
0.8250000000000001 30.25 162.0
0.8250000000000001 32.5 157.0
0.8250000000000001 34.75 150.0
0.8250000000000001 37.0 153.0
0.8250000000000001 39.25 169.0
0.8250000000000001 41.5 133.0
0.8250000000000001 43.75 130.0
0.8250000000000001 46.0 154.0
0.8250000000000001 48.25 137.0
0.8250000000000001 50.5 115.0
0.8250000000000001 52.75 113.0
0.8250000000000001 55.0 111.0
0.8250000000000001 57.25 113.0
0.8250000000000001 59.5 134.0
0.8250000000000001 61.75 130.0
0.8250000000000001 64.0 142.0
0.8250000000000001 66.25 91.0
0.8250000000000001 68.5 92.0
0.8250000000000001 70.75 99.0
0.8250000000000001 73.0 104.0
0.8250000000000001 75.25 103.0
0.8250000000000001 77.5 100.0
0.8250000000000001 79.75 118.0
0.8250000000000001 82.0 115.0
0.8250000000000001 84.25 120.0
0.8250000000000001 86.5 121.0
0.8250000000000001 88.75 118.0
0.8250000000000001 91.0 120.0
0.8250000000000001 93.25 120.0
0.8250000000000001 95.5 129.0
0.8250000000000001 97.75 122.0
0.8250000000000001 100.0 61.0
0.8500000000000001 10.0 251.0
0.8500000000000001 12.25 219.0
0.8500000000000001 14.5 184.0
0.8500000000000001 16.75 195.0
0.8500000000000001 19.0 167.0
0.8500000000000001 21.25 186.0
0.8500000000000001 23.5 164.0
0.8500000000000001 25.75 167.0
0.8500000000000001 28.0 163.0
0.8500000000000001 30.25 165.0
0.8500000000000001 32.5 159.0
0.8500000000000001 34.75 156.0
0.8500000000000001 37.0 155.0
0.8500000000000001 39.25 176.0
0.8500000000000001 41.5 135.0
0.8500000000000001 43.75 129.0
0.8500000000000001 46.0 156.0
0.8500000000000001 48.25 133.0
0.8500000000000001 50.5 108.0
0.8500000000000001 52.75 113.0
0.8500000000000001 55.0 119.0
0.8500000000000001 57.25 124.0
0.8500000000000001 59.5 128.0
0.8500000000000001 61.75 135.0
0.8500000000000001 64.0 142.0
0.8500000000000001 66.25 91.0
0.8500000000000001 68.5 103.0
0.8500000000000001 70.75 103.0
0.8500000000000001 73.0 105.0
0.8500000000000001 75.25 103.0
0.8500000000000001 77.5 105.0
0.8500000000000001 79.75 108.0
0.8500000000000001 82.0 113.0
0.8500000000000001 84.25 122.0
0.8500000000000001 86.5 128.0
0.8500000000000001 88.75 123.0
0.8500000000000001 91.0 127.0
0.8500000000000001 93.25 135.0
0.8500000000000001 95.5 134.0
0.8500000000000001 97.75 125.0
0.8500000000000001 100.0 63.0
0.875 10.0 258.0
0.875 12.25 220.0
0.875 14.5 178.0
0.875 16.75 201.0
0.875 19.0 170.0
0.875 21.25 186.0
0.875 23.5 158.0
0.875 25.75 165.0
0.875 28.0 166.0
0.875 30.25 171.0
0.875 32.5 170.0
0.875 34.75 153.0
0.875 37.0 158.0
0.875 39.25 169.0
0.875 41.5 140.0
0.875 43.75 147.0
0.875 46.0 156.0
0.875 48.25 143.0
0.875 50.5 109.0
0.875 52.75 119.0
0.875 55.0 124.0
0.875 57.25 121.0
0.875 59.5 135.0
0.875 61.75 136.0
0.875 64.0 153.0
0.875 66.25 104.0
0.875 68.5 100.0
0.875 70.75 105.0
0.875 73.0 108.0
0.875 75.25 109.0
0.875 77.5 116.0
0.875 79.75 128.0
0.875 82.0 124.0
0.875 84.25 127.0
0.875 86.5 133.0
0.875 88.75 131.0
0.875 91.0 137.0
0.875 93.25 130.0
0.875 95.5 133.0
0.875 97.75 131.0
0.875 100.0 72.0
0.9 10.0 278.0
0.9 12.25 228.0
0.9 14.5 186.0
0.9 16.75 206.0
0.9 19.0 180.0
0.9 21.25 197.0
0.9 23.5 173.0
0.9 25.75 176.0
0.9 28.0 181.0
0.9 30.25 180.0
0.9 32.5 175.0
0.9 34.75 162.0
0.9 37.0 163.0
0.9 39.25 183.0
0.9 41.5 144.0
0.9 43.75 142.0
0.9 46.0 164.0
0.9 48.25 149.0
0.9 50.5 117.0
0.9 52.75 118.0
0.9 55.0 125.0
0.9 57.25 127.0
0.9 59.5 131.0
0.9 61.75 140.0
0.9 64.0 151.0
0.9 66.25 106.0
0.9 68.5 104.0
0.9 70.75 108.0
0.9 73.0 107.0
0.9 75.25 114.0
0.9 77.5 110.0
0.9 79.75 118.0
0.9 82.0 127.0
0.9 84.25 132.0
0.9 86.5 128.0
0.9 88.75 138.0
0.9 91.0 141.0
0.9 93.25 139.0
0.9 95.5 140.0
0.9 97.75 139.0
0.9 100.0 70.0
0.925 10.0 283.0
0.925 12.25 241.0
0.925 14.5 196.0
0.925 16.75 199.0
0.925 19.0 190.0
0.925 21.25 207.0
0.925 23.5 177.0
0.925 25.75 184.0
0.925 28.0 178.0
0.925 30.25 185.0
0.925 32.5 177.0
0.925 34.75 169.0
0.925 37.0 162.0
0.925 39.25 184.0
0.925 41.5 147.0
0.925 43.75 150.0
0.925 46.0 165.0
0.925 48.25 145.0
0.925 50.5 123.0
0.925 52.75 125.0
0.925 55.0 134.0
0.925 57.25 135.0
0.925 59.5 144.0
0.925 61.75 148.0
0.925 64.0 158.0
0.925 66.25 104.0
0.925 68.5 105.0
0.925 70.75 112.0
0.925 73.0 106.0
0.925 75.25 119.0
0.925 77.5 120.0
0.925 79.75 127.0
0.925 82.0 127.0
0.925 84.25 134.0
0.925 86.5 132.0
0.925 88.75 140.0
0.925 91.0 139.0
0.925 93.25 143.0
0.925 95.5 144.0
0.925 97.75 137.0
0.925 100.0 73.0
0.9500000000000001 10.0 289.0
0.9500000000000001 12.25 247.0
0.9500000000000001 14.5 200.0
0.9500000000000001 16.75 209.0
0.9500000000000001 19.0 193.0
0.9500000000000001 21.25 197.0
0.9500000000000001 23.5 183.0
0.9500000000000001 25.75 187.0
0.9500000000000001 28.0 187.0
0.9500000000000001 30.25 186.0
0.9500000000000001 32.5 185.0
0.9500000000000001 34.75 172.0
0.9500000000000001 37.0 172.0
0.9500000000000001 39.25 185.0
0.9500000000000001 41.5 151.0
0.9500000000000001 43.75 153.0
0.9500000000000001 46.0 176.0
0.9500000000000001 48.25 153.0
0.9500000000000001 50.5 128.0
0.9500000000000001 52.75 127.0
0.9500000000000001 55.0 139.0
0.9500000000000001 57.25 132.0
0.9500000000000001 59.5 151.0
0.9500000000000001 61.75 150.0
0.9500000000000001 64.0 158.0
0.9500000000000001 66.25 106.0
0.9500000000000001 68.5 108.0
0.9500000000000001 70.75 116.0
0.9500000000000001 73.0 112.0
0.9500000000000001 75.25 119.0
0.9500000000000001 77.5 118.0
0.9500000000000001 79.75 132.0
0.9500000000000001 82.0 129.0
0.9500000000000001 84.25 136.0
0.9500000000000001 86.5 139.0
0.9500000000000001 88.75 147.0
0.9500000000000001 91.0 144.0
0.9500000000000001 93.25 143.0
0.9500000000000001 95.5 144.0
0.9500000000000001 97.75 147.0
0.9500000000000001 100.0 78.0
0.9750000000000001 10.0 297.0
0.9750000000000001 12.25 246.0
0.9750000000000001 14.5 204.0
0.9750000000000001 16.75 216.0
0.9750000000000001 19.0 195.0
0.9750000000000001 21.25 209.0
0.9750000000000001 23.5 182.0
0.9750000000000001 25.75 188.0
0.9750000000000001 28.0 194.0
0.9750000000000001 30.25 184.0
0.9750000000000001 32.5 188.0
0.9750000000000001 34.75 177.0
0.9750000000000001 37.0 174.0
0.9750000000000001 39.25 194.0
0.9750000000000001 41.5 154.0
0.9750000000000001 43.75 159.0
0.9750000000000001 46.0 173.0
0.9750000000000001 48.25 156.0
0.9750000000000001 50.5 129.0
0.9750000000000001 52.75 129.0
0.9750000000000001 55.0 136.0
0.9750000000000001 57.25 142.0
0.9750000000000001 59.5 151.0
0.9750000000000001 61.75 154.0
0.9750000000000001 64.0 161.0
0.9750000000000001 66.25 111.0
0.9750000000000001 68.5 110.0
0.9750000000000001 70.75 117.0
0.9750000000000001 73.0 117.0
0.9750000000000001 75.25 124.0
0.9750000000000001 77.5 125.0
0.9750000000000001 79.75 134.0
0.9750000000000001 82.0 134.0
0.9750000000000001 84.25 140.0
0.9750000000000001 86.5 140.0
0.9750000000000001 88.75 148.0
0.9750000000000001 91.0 151.0
0.9750000000000001 93.25 150.0
0.9750000000000001 95.5 149.0
0.9750000000000001 97.75 152.0
0.9750000000000001 100.0 78.0
1.0 10.0 304.0
1.0 12.25 256.0
1.0 14.5 208.0
1.0 16.75 220.0
1.0 19.0 200.0
1.0 21.25 216.0
1.0 23.5 192.0
1.0 25.75 196.0
1.0 28.0 196.0
1.0 30.25 192.0
1.0 32.5 192.0
1.0 34.75 180.0
1.0 37.0 180.0
1.0 39.25 200.0
1.0 41.5 160.0
1.0 43.75 160.0
1.0 46.0 176.0
1.0 48.25 160.0
1.0 50.5 132.0
1.0 52.75 132.0
1.0 55.0 144.0
1.0 57.25 144.0
1.0 59.5 156.0
1.0 61.75 156.0
1.0 64.0 168.0
1.0 66.25 112.0
1.0 68.5 112.0
1.0 70.75 120.0
1.0 73.0 120.0
1.0 75.25 128.0
1.0 77.5 128.0
1.0 79.75 136.0
1.0 82.0 136.0
1.0 84.25 144.0
1.0 86.5 144.0
1.0 88.75 152.0
1.0 91.0 152.0
1.0 93.25 152.0
1.0 95.5 152.0
1.0 97.75 152.0
1.0 100.0 80.0
