-100.0 10.0 992.0
-100.0 12.25 844.0
-100.0 14.5 688.0
-100.0 16.75 611.0
-100.0 19.0 527.0
-100.0 21.25 492.0
-100.0 23.5 477.0
-100.0 25.75 434.0
-100.0 28.0 425.0
-100.0 30.25 370.0
-100.0 32.5 378.0
-100.0 34.75 295.0
-100.0 37.0 348.0
-100.0 39.25 322.0
-100.0 41.5 272.0
-100.0 43.75 278.0
-100.0 46.0 263.0
-100.0 48.25 251.0
-100.0 50.5 196.0
-100.0 52.75 205.0
-100.0 55.0 197.0
-100.0 57.25 225.0
-100.0 59.5 207.0
-100.0 61.75 206.0
-100.0 64.0 228.0
-100.0 66.25 163.0
-100.0 68.5 151.0
-100.0 70.75 150.0
-100.0 73.0 174.0
-100.0 75.25 161.0
-100.0 77.5 148.0
-100.0 79.75 166.0
-100.0 82.0 147.0
-100.0 84.25 163.0
-100.0 86.5 169.0
-100.0 88.75 182.0
-100.0 91.0 179.0
-100.0 93.25 171.0
-100.0 95.5 174.0
-100.0 97.75 174.0
-100.0 100.0 86.0
-95.0 10.0 952.0
-95.0 12.25 788.0
-95.0 14.5 648.0
-95.0 16.75 585.0
-95.0 19.0 526.0
-95.0 21.25 491.0
-95.0 23.5 430.0
-95.0 25.75 395.0
-95.0 28.0 402.0
-95.0 30.25 372.0
-95.0 32.5 341.0
-95.0 34.75 312.0
-95.0 37.0 314.0
-95.0 39.25 311.0
-95.0 41.5 248.0
-95.0 43.75 263.0
-95.0 46.0 257.0
-95.0 48.25 261.0
-95.0 50.5 192.0
-95.0 52.75 196.0
-95.0 55.0 223.0
-95.0 57.25 203.0
-95.0 59.5 231.0
-95.0 61.75 227.0
-95.0 64.0 229.0
-95.0 66.25 138.0
-95.0 68.5 149.0
-95.0 70.75 149.0
-95.0 73.0 166.0
-95.0 75.25 164.0
-95.0 77.5 161.0
-95.0 79.75 168.0
-95.0 82.0 176.0
-95.0 84.25 154.0
-95.0 86.5 172.0
-95.0 88.75 183.0
-95.0 91.0 161.0
-95.0 93.25 166.0
-95.0 95.5 175.0
-95.0 97.75 161.0
-95.0 100.0 85.0
-90.0 10.0 990.0
-90.0 12.25 809.0
-90.0 14.5 656.0
-90.0 16.75 577.0
-90.0 19.0 533.0
-90.0 21.25 493.0
-90.0 23.5 416.0
-90.0 25.75 398.0
-90.0 28.0 411.0
-90.0 30.25 349.0
-90.0 32.5 357.0
-90.0 34.75 314.0
-90.0 37.0 304.0
-90.0 39.25 340.0
-90.0 41.5 252.0
-90.0 43.75 236.0
-90.0 46.0 265.0
-90.0 48.25 253.0
-90.0 50.5 191.0
-90.0 52.75 197.0
-90.0 55.0 196.0
-90.0 57.25 204.0
-90.0 59.5 205.0
-90.0 61.75 219.0
-90.0 64.0 223.0
-90.0 66.25 153.0
-90.0 68.5 155.0
-90.0 70.75 161.0
-90.0 73.0 159.0
-90.0 75.25 160.0
-90.0 77.5 147.0
-90.0 79.75 157.0
-90.0 82.0 159.0
-90.0 84.25 165.0
-90.0 86.5 156.0
-90.0 88.75 156.0
-90.0 91.0 170.0
-90.0 93.25 196.0
-90.0 95.5 180.0
-90.0 97.75 169.0
-90.0 100.0 87.0
-85.0 10.0 911.0
-85.0 12.25 768.0
-85.0 14.5 612.0
-85.0 16.75 548.0
-85.0 19.0 502.0
-85.0 21.25 477.0
-85.0 23.5 425.0
-85.0 25.75 384.0
-85.0 28.0 380.0
-85.0 30.25 344.0
-85.0 32.5 346.0
-85.0 34.75 296.0
-85.0 37.0 293.0
-85.0 39.25 307.0
-85.0 41.5 236.0
-85.0 43.75 257.0
-85.0 46.0 268.0
-85.0 48.25 246.0
-85.0 50.5 199.0
-85.0 52.75 194.0
-85.0 55.0 201.0
-85.0 57.25 204.0
-85.0 59.5 211.0
-85.0 61.75 223.0
-85.0 64.0 204.0
-85.0 66.25 141.0
-85.0 68.5 139.0
-85.0 70.75 149.0
-85.0 73.0 155.0
-85.0 75.25 146.0
-85.0 77.5 169.0
-85.0 79.75 153.0
-85.0 82.0 163.0
-85.0 84.25 151.0
-85.0 86.5 157.0
-85.0 88.75 163.0
-85.0 91.0 175.0
-85.0 93.25 159.0
-85.0 95.5 163.0
-85.0 97.75 181.0
-85.0 100.0 78.0
-80.0 10.0 866.0
-80.0 12.25 738.0
-80.0 14.5 600.0
-80.0 16.75 537.0
-80.0 19.0 480.0
-80.0 21.25 450.0
-80.0 23.5 424.0
-80.0 25.75 377.0
-80.0 28.0 352.0
-80.0 30.25 313.0
-80.0 32.5 326.0
-80.0 34.75 281.0
-80.0 37.0 284.0
-80.0 39.25 315.0
-80.0 41.5 247.0
-80.0 43.75 243.0
-80.0 46.0 248.0
-80.0 48.25 239.0
-80.0 50.5 184.0
-80.0 52.75 194.0
-80.0 55.0 205.0
-80.0 57.25 200.0
-80.0 59.5 221.0
-80.0 61.75 201.0
-80.0 64.0 206.0
-80.0 66.25 152.0
-80.0 68.5 138.0
-80.0 70.75 150.0
-80.0 73.0 139.0
-80.0 75.25 143.0
-80.0 77.5 159.0
-80.0 79.75 150.0
-80.0 82.0 165.0
-80.0 84.25 149.0
-80.0 86.5 148.0
-80.0 88.75 163.0
-80.0 91.0 158.0
-80.0 93.25 177.0
-80.0 95.5 166.0
-80.0 97.75 163.0
-80.0 100.0 71.0
-75.0 10.0 819.0
-75.0 12.25 673.0
-75.0 14.5 566.0
-75.0 16.75 522.0
-75.0 19.0 455.0
-75.0 21.25 443.0
-75.0 23.5 381.0
-75.0 25.75 339.0
-75.0 28.0 354.0
-75.0 30.25 339.0
-75.0 32.5 317.0
-75.0 34.75 279.0
-75.0 37.0 275.0
-75.0 39.25 276.0
-75.0 41.5 239.0
-75.0 43.75 231.0
-75.0 46.0 257.0
-75.0 48.25 250.0
-75.0 50.5 186.0
-75.0 52.75 182.0
-75.0 55.0 187.0
-75.0 57.25 173.0
-75.0 59.5 179.0
-75.0 61.75 188.0
-75.0 64.0 207.0
-75.0 66.25 129.0
-75.0 68.5 131.0
-75.0 70.75 131.0
-75.0 73.0 144.0
-75.0 75.25 149.0
-75.0 77.5 150.0
-75.0 79.75 147.0
-75.0 82.0 148.0
-75.0 84.25 160.0
-75.0 86.5 146.0
-75.0 88.75 159.0
-75.0 91.0 163.0
-75.0 93.25 162.0
-75.0 95.5 153.0
-75.0 97.75 174.0
-75.0 100.0 71.0
-70.0 10.0 790.0
-70.0 12.25 665.0
-70.0 14.5 515.0
-70.0 16.75 455.0
-70.0 19.0 426.0
-70.0 21.25 409.0
-70.0 23.5 357.0
-70.0 25.75 342.0
-70.0 28.0 313.0
-70.0 30.25 292.0
-70.0 32.5 303.0
-70.0 34.75 280.0
-70.0 37.0 249.0
-70.0 39.25 270.0
-70.0 41.5 234.0
-70.0 43.75 223.0
-70.0 46.0 249.0
-70.0 48.25 226.0
-70.0 50.5 171.0
-70.0 52.75 167.0
-70.0 55.0 179.0
-70.0 57.25 191.0
-70.0 59.5 180.0
-70.0 61.75 207.0
-70.0 64.0 187.0
-70.0 66.25 129.0
-70.0 68.5 125.0
-70.0 70.75 145.0
-70.0 73.0 127.0
-70.0 75.25 130.0
-70.0 77.5 140.0
-70.0 79.75 139.0
-70.0 82.0 145.0
-70.0 84.25 160.0
-70.0 86.5 145.0
-70.0 88.75 153.0
-70.0 91.0 160.0
-70.0 93.25 154.0
-70.0 95.5 152.0
-70.0 97.75 164.0
-70.0 100.0 83.0
-65.0 10.0 716.0
-65.0 12.25 620.0
-65.0 14.5 488.0
-65.0 16.75 461.0
-65.0 19.0 408.0
-65.0 21.25 385.0
-65.0 23.5 327.0
-65.0 25.75 330.0
-65.0 28.0 319.0
-65.0 30.25 278.0
-65.0 32.5 284.0
-65.0 34.75 254.0
-65.0 37.0 237.0
-65.0 39.25 262.0
-65.0 41.5 236.0
-65.0 43.75 219.0
-65.0 46.0 238.0
-65.0 48.25 216.0
-65.0 50.5 174.0
-65.0 52.75 159.0
-65.0 55.0 174.0
-65.0 57.25 178.0
-65.0 59.5 162.0
-65.0 61.75 187.0
-65.0 64.0 180.0
-65.0 66.25 126.0
-65.0 68.5 126.0
-65.0 70.75 126.0
-65.0 73.0 135.0
-65.0 75.25 138.0
-65.0 77.5 140.0
-65.0 79.75 144.0
-65.0 82.0 128.0
-65.0 84.25 136.0
-65.0 86.5 146.0
-65.0 88.75 147.0
-65.0 91.0 142.0
-65.0 93.25 149.0
-65.0 95.5 147.0
-65.0 97.75 154.0
-65.0 100.0 70.0
-60.0 10.0 696.0
-60.0 12.25 567.0
-60.0 14.5 462.0
-60.0 16.75 417.0
-60.0 19.0 397.0
-60.0 21.25 359.0
-60.0 23.5 333.0
-60.0 25.75 290.0
-60.0 28.0 306.0
-60.0 30.25 289.0
-60.0 32.5 276.0
-60.0 34.75 240.0
-60.0 37.0 236.0
-60.0 39.25 252.0
-60.0 41.5 207.0
-60.0 43.75 190.0
-60.0 46.0 202.0
-60.0 48.25 204.0
-60.0 50.5 170.0
-60.0 52.75 148.0
-60.0 55.0 155.0
-60.0 57.25 158.0
-60.0 59.5 176.0
-60.0 61.75 181.0
-60.0 64.0 172.0
-60.0 66.25 121.0
-60.0 68.5 115.0
-60.0 70.75 131.0
-60.0 73.0 120.0
-60.0 75.25 125.0
-60.0 77.5 129.0
-60.0 79.75 126.0
-60.0 82.0 152.0
-60.0 84.25 141.0
-60.0 86.5 143.0
-60.0 88.75 134.0
-60.0 91.0 139.0
-60.0 93.25 140.0
-60.0 95.5 139.0
-60.0 97.75 143.0
-60.0 100.0 75.0
-55.0 10.0 637.0
-55.0 12.25 535.0
-55.0 14.5 426.0
-55.0 16.75 379.0
-55.0 19.0 359.0
-55.0 21.25 341.0
-55.0 23.5 312.0
-55.0 25.75 287.0
-55.0 28.0 275.0
-55.0 30.25 256.0
-55.0 32.5 268.0
-55.0 34.75 234.0
-55.0 37.0 215.0
-55.0 39.25 224.0
-55.0 41.5 200.0
-55.0 43.75 194.0
-55.0 46.0 197.0
-55.0 48.25 194.0
-55.0 50.5 160.0
-55.0 52.75 141.0
-55.0 55.0 153.0
-55.0 57.25 158.0
-55.0 59.5 158.0
-55.0 61.75 156.0
-55.0 64.0 173.0
-55.0 66.25 111.0
-55.0 68.5 125.0
-55.0 70.75 124.0
-55.0 73.0 120.0
-55.0 75.25 128.0
-55.0 77.5 116.0
-55.0 79.75 131.0
-55.0 82.0 121.0
-55.0 84.25 134.0
-55.0 86.5 135.0
-55.0 88.75 143.0
-55.0 91.0 146.0
-55.0 93.25 139.0
-55.0 95.5 146.0
-55.0 97.75 131.0
-55.0 100.0 66.0
-50.0 10.0 606.0
-50.0 12.25 499.0
-50.0 14.5 411.0
-50.0 16.75 357.0
-50.0 19.0 327.0
-50.0 21.25 307.0
-50.0 23.5 297.0
-50.0 25.75 272.0
-50.0 28.0 276.0
-50.0 30.25 262.0
-50.0 32.5 237.0
-50.0 34.75 213.0
-50.0 37.0 223.0
-50.0 39.25 221.0
-50.0 41.5 189.0
-50.0 43.75 179.0
-50.0 46.0 193.0
-50.0 48.25 186.0
-50.0 50.5 141.0
-50.0 52.75 146.0
-50.0 55.0 148.0
-50.0 57.25 137.0
-50.0 59.5 158.0
-50.0 61.75 158.0
-50.0 64.0 172.0
-50.0 66.25 107.0
-50.0 68.5 106.0
-50.0 70.75 110.0
-50.0 73.0 114.0
-50.0 75.25 112.0
-50.0 77.5 115.0
-50.0 79.75 124.0
-50.0 82.0 112.0
-50.0 84.25 122.0
-50.0 86.5 136.0
-50.0 88.75 134.0
-50.0 91.0 126.0
-50.0 93.25 138.0
-50.0 95.5 127.0
-50.0 97.75 131.0
-50.0 100.0 63.0
-45.0 10.0 615.0
-45.0 12.25 513.0
-45.0 14.5 411.0
-45.0 16.75 344.0
-45.0 19.0 355.0
-45.0 21.25 324.0
-45.0 23.5 283.0
-45.0 25.75 265.0
-45.0 28.0 266.0
-45.0 30.25 238.0
-45.0 32.5 241.0
-45.0 34.75 197.0
-45.0 37.0 216.0
-45.0 39.25 217.0
-45.0 41.5 188.0
-45.0 43.75 174.0
-45.0 46.0 192.0
-45.0 48.25 190.0
-45.0 50.5 152.0
-45.0 52.75 136.0
-45.0 55.0 153.0
-45.0 57.25 154.0
-45.0 59.5 160.0
-45.0 61.75 146.0
-45.0 64.0 169.0
-45.0 66.25 103.0
-45.0 68.5 118.0
-45.0 70.75 120.0
-45.0 73.0 117.0
-45.0 75.25 126.0
-45.0 77.5 123.0
-45.0 79.75 127.0
-45.0 82.0 144.0
-45.0 84.25 132.0
-45.0 86.5 133.0
-45.0 88.75 133.0
-45.0 91.0 136.0
-45.0 93.25 131.0
-45.0 95.5 126.0
-45.0 97.75 132.0
-45.0 100.0 67.0
-40.0 10.0 548.0
-40.0 12.25 468.0
-40.0 14.5 377.0
-40.0 16.75 346.0
-40.0 19.0 319.0
-40.0 21.25 298.0
-40.0 23.5 287.0
-40.0 25.75 257.0
-40.0 28.0 249.0
-40.0 30.25 228.0
-40.0 32.5 234.0
-40.0 34.75 204.0
-40.0 37.0 207.0
-40.0 39.25 221.0
-40.0 41.5 173.0
-40.0 43.75 170.0
-40.0 46.0 170.0
-40.0 48.25 177.0
-40.0 50.5 145.0
-40.0 52.75 132.0
-40.0 55.0 137.0
-40.0 57.25 138.0
-40.0 59.5 155.0
-40.0 61.75 143.0
-40.0 64.0 153.0
-40.0 66.25 110.0
-40.0 68.5 107.0
-40.0 70.75 105.0
-40.0 73.0 107.0
-40.0 75.25 111.0
-40.0 77.5 118.0
-40.0 79.75 118.0
-40.0 82.0 120.0
-40.0 84.25 129.0
-40.0 86.5 116.0
-40.0 88.75 131.0
-40.0 91.0 130.0
-40.0 93.25 124.0
-40.0 95.5 123.0
-40.0 97.75 124.0
-40.0 100.0 66.0
-35.0 10.0 493.0
-35.0 12.25 420.0
-35.0 14.5 355.0
-35.0 16.75 318.0
-35.0 19.0 289.0
-35.0 21.25 289.0
-35.0 23.5 271.0
-35.0 25.75 225.0
-35.0 28.0 231.0
-35.0 30.25 217.0
-35.0 32.5 221.0
-35.0 34.75 195.0
-35.0 37.0 188.0
-35.0 39.25 200.0
-35.0 41.5 162.0
-35.0 43.75 164.0
-35.0 46.0 171.0
-35.0 48.25 160.0
-35.0 50.5 130.0
-35.0 52.75 132.0
-35.0 55.0 134.0
-35.0 57.25 119.0
-35.0 59.5 144.0
-35.0 61.75 150.0
-35.0 64.0 157.0
-35.0 66.25 84.0
-35.0 68.5 92.0
-35.0 70.75 102.0
-35.0 73.0 107.0
-35.0 75.25 117.0
-35.0 77.5 116.0
-35.0 79.75 108.0
-35.0 82.0 113.0
-35.0 84.25 121.0
-35.0 86.5 119.0
-35.0 88.75 133.0
-35.0 91.0 123.0
-35.0 93.25 112.0
-35.0 95.5 131.0
-35.0 97.75 118.0
-35.0 100.0 56.0
-30.0 10.0 427.0
-30.0 12.25 388.0
-30.0 14.5 302.0
-30.0 16.75 281.0
-30.0 19.0 270.0
-30.0 21.25 265.0
-30.0 23.5 228.0
-30.0 25.75 222.0
-30.0 28.0 210.0
-30.0 30.25 190.0
-30.0 32.5 192.0
-30.0 34.75 197.0
-30.0 37.0 181.0
-30.0 39.25 207.0
-30.0 41.5 148.0
-30.0 43.75 155.0
-30.0 46.0 170.0
-30.0 48.25 155.0
-30.0 50.5 118.0
-30.0 52.75 127.0
-30.0 55.0 147.0
-30.0 57.25 129.0
-30.0 59.5 126.0
-30.0 61.75 141.0
-30.0 64.0 151.0
-30.0 66.25 96.0
-30.0 68.5 93.0
-30.0 70.75 102.0
-30.0 73.0 94.0
-30.0 75.25 99.0
-30.0 77.5 107.0
-30.0 79.75 111.0
-30.0 82.0 110.0
-30.0 84.25 127.0
-30.0 86.5 110.0
-30.0 88.75 120.0
-30.0 91.0 123.0
-30.0 93.25 123.0
-30.0 95.5 130.0
-30.0 97.75 109.0
-30.0 100.0 71.0
-25.0 10.0 411.0
-25.0 12.25 352.0
-25.0 14.5 282.0
-25.0 16.75 249.0
-25.0 19.0 232.0
-25.0 21.25 243.0
-25.0 23.5 210.0
-25.0 25.75 209.0
-25.0 28.0 210.0
-25.0 30.25 182.0
-25.0 32.5 199.0
-25.0 34.75 174.0
-25.0 37.0 168.0
-25.0 39.25 183.0
-25.0 41.5 141.0
-25.0 43.75 144.0
-25.0 46.0 153.0
-25.0 48.25 145.0
-25.0 50.5 122.0
-25.0 52.75 121.0
-25.0 55.0 116.0
-25.0 57.25 131.0
-25.0 59.5 132.0
-25.0 61.75 132.0
-25.0 64.0 131.0
-25.0 66.25 85.0
-25.0 68.5 98.0
-25.0 70.75 98.0
-25.0 73.0 92.0
-25.0 75.25 94.0
-25.0 77.5 103.0
-25.0 79.75 104.0
-25.0 82.0 102.0
-25.0 84.25 116.0
-25.0 86.5 111.0
-25.0 88.75 114.0
-25.0 91.0 122.0
-25.0 93.25 105.0
-25.0 95.5 109.0
-25.0 97.75 109.0
-25.0 100.0 65.0
-20.0 10.0 345.0
-20.0 12.25 274.0
-20.0 14.5 268.0
-20.0 16.75 229.0
-20.0 19.0 210.0
-20.0 21.25 214.0
-20.0 23.5 201.0
-20.0 25.75 178.0
-20.0 28.0 186.0
-20.0 30.25 180.0
-20.0 32.5 176.0
-20.0 34.75 154.0
-20.0 37.0 165.0
-20.0 39.25 156.0
-20.0 41.5 130.0
-20.0 43.75 138.0
-20.0 46.0 151.0
-20.0 48.25 139.0
-20.0 50.5 106.0
-20.0 52.75 110.0
-20.0 55.0 115.0
-20.0 57.25 123.0
-20.0 59.5 121.0
-20.0 61.75 133.0
-20.0 64.0 137.0
-20.0 66.25 86.0
-20.0 68.5 83.0
-20.0 70.75 92.0
-20.0 73.0 98.0
-20.0 75.25 96.0
-20.0 77.5 102.0
-20.0 79.75 100.0
-20.0 82.0 91.0
-20.0 84.25 91.0
-20.0 86.5 94.0
-20.0 88.75 106.0
-20.0 91.0 113.0
-20.0 93.25 116.0
-20.0 95.5 110.0
-20.0 97.75 119.0
-20.0 100.0 53.0
-15.0 10.0 300.0
-15.0 12.25 274.0
-15.0 14.5 221.0
-15.0 16.75 206.0
-15.0 19.0 191.0
-15.0 21.25 197.0
-15.0 23.5 190.0
-15.0 25.75 158.0
-15.0 28.0 167.0
-15.0 30.25 162.0
-15.0 32.5 174.0
-15.0 34.75 136.0
-15.0 37.0 141.0
-15.0 39.25 148.0
-15.0 41.5 127.0
-15.0 43.75 136.0
-15.0 46.0 127.0
-15.0 48.25 127.0
-15.0 50.5 116.0
-15.0 52.75 104.0
-15.0 55.0 105.0
-15.0 57.25 110.0
-15.0 59.5 111.0
-15.0 61.75 122.0
-15.0 64.0 124.0
-15.0 66.25 95.0
-15.0 68.5 81.0
-15.0 70.75 80.0
-15.0 73.0 100.0
-15.0 75.25 87.0
-15.0 77.5 95.0
-15.0 79.75 98.0
-15.0 82.0 86.0
-15.0 84.25 105.0
-15.0 86.5 102.0
-15.0 88.75 103.0
-15.0 91.0 104.0
-15.0 93.25 112.0
-15.0 95.5 103.0
-15.0 97.75 103.0
-15.0 100.0 52.0
-10.0 10.0 273.0
-10.0 12.25 228.0
-10.0 14.5 194.0
-10.0 16.75 180.0
-10.0 19.0 181.0
-10.0 21.25 176.0
-10.0 23.5 164.0
-10.0 25.75 156.0
-10.0 28.0 149.0
-10.0 30.25 148.0
-10.0 32.5 137.0
-10.0 34.75 131.0
-10.0 37.0 135.0
-10.0 39.25 134.0
-10.0 41.5 130.0
-10.0 43.75 96.0
-10.0 46.0 125.0
-10.0 48.25 121.0
-10.0 50.5 84.0
-10.0 52.75 82.0
-10.0 55.0 106.0
-10.0 57.25 87.0
-10.0 59.5 113.0
-10.0 61.75 110.0
-10.0 64.0 116.0
-10.0 66.25 81.0
-10.0 68.5 79.0
-10.0 70.75 86.0
-10.0 73.0 91.0
-10.0 75.25 85.0
-10.0 77.5 85.0
-10.0 79.75 85.0
-10.0 82.0 99.0
-10.0 84.25 91.0
-10.0 86.5 105.0
-10.0 88.75 106.0
-10.0 91.0 104.0
-10.0 93.25 106.0
-10.0 95.5 108.0
-10.0 97.75 102.0
-10.0 100.0 52.0
-5.0 10.0 230.0
-5.0 12.25 199.0
-5.0 14.5 150.0
-5.0 16.75 147.0
-5.0 19.0 143.0
-5.0 21.25 154.0
-5.0 23.5 137.0
-5.0 25.75 136.0
-5.0 28.0 142.0
-5.0 30.25 139.0
-5.0 32.5 127.0
-5.0 34.75 111.0
-5.0 37.0 114.0
-5.0 39.25 132.0
-5.0 41.5 114.0
-5.0 43.75 99.0
-5.0 46.0 116.0
-5.0 48.25 105.0
-5.0 50.5 75.0
-5.0 52.75 85.0
-5.0 55.0 82.0
-5.0 57.25 97.0
-5.0 59.5 105.0
-5.0 61.75 105.0
-5.0 64.0 106.0
-5.0 66.25 71.0
-5.0 68.5 67.0
-5.0 70.75 76.0
-5.0 73.0 78.0
-5.0 75.25 82.0
-5.0 77.5 77.0
-5.0 79.75 98.0
-5.0 82.0 73.0
-5.0 84.25 90.0
-5.0 86.5 89.0
-5.0 88.75 99.0
-5.0 91.0 88.0
-5.0 93.25 89.0
-5.0 95.5 90.0
-5.0 97.75 84.0
-5.0 100.0 51.0
0.0 10.0 170.0
0.0 12.25 144.0
0.0 14.5 135.0
0.0 16.75 131.0
0.0 19.0 131.0
0.0 21.25 133.0
0.0 23.5 117.0
0.0 25.75 125.0
0.0 28.0 113.0
0.0 30.25 132.0
0.0 32.5 116.0
0.0 34.75 99.0
0.0 37.0 105.0
0.0 39.25 129.0
0.0 41.5 90.0
0.0 43.75 94.0
0.0 46.0 101.0
0.0 48.25 95.0
0.0 50.5 84.0
0.0 52.75 77.0
0.0 55.0 95.0
0.0 57.25 80.0
0.0 59.5 97.0
0.0 61.75 94.0
0.0 64.0 102.0
0.0 66.25 61.0
0.0 68.5 60.0
0.0 70.75 71.0
0.0 73.0 81.0
0.0 75.25 77.0
0.0 77.5 94.0
0.0 79.75 80.0
0.0 82.0 74.0
0.0 84.25 83.0
0.0 86.5 80.0
0.0 88.75 83.0
0.0 91.0 89.0
0.0 93.25 98.0
0.0 95.5 91.0
0.0 97.75 80.0
0.0 100.0 43.0
5.0 10.0 148.0
5.0 12.25 150.0
5.0 14.5 139.0
5.0 16.75 131.0
5.0 19.0 115.0
5.0 21.25 130.0
5.0 23.5 119.0
5.0 25.75 99.0
5.0 28.0 126.0
5.0 30.25 96.0
5.0 32.5 115.0
5.0 34.75 93.0
5.0 37.0 118.0
5.0 39.25 101.0
5.0 41.5 83.0
5.0 43.75 98.0
5.0 46.0 95.0
5.0 48.25 107.0
5.0 50.5 75.0
5.0 52.75 86.0
5.0 55.0 89.0
5.0 57.25 87.0
5.0 59.5 93.0
5.0 61.75 89.0
5.0 64.0 92.0
5.0 66.25 71.0
5.0 68.5 56.0
5.0 70.75 66.0
5.0 73.0 67.0
5.0 75.25 80.0
5.0 77.5 81.0
5.0 79.75 79.0
5.0 82.0 92.0
5.0 84.25 74.0
5.0 86.5 92.0
5.0 88.75 82.0
5.0 91.0 85.0
5.0 93.25 74.0
5.0 95.5 84.0
5.0 97.75 87.0
5.0 100.0 45.0
10.0 10.0 88.0
10.0 12.25 118.0
10.0 14.5 94.0
10.0 16.75 93.0
10.0 19.0 100.0
10.0 21.25 108.0
10.0 23.5 100.0
10.0 25.75 81.0
10.0 28.0 103.0
10.0 30.25 93.0
10.0 32.5 106.0
10.0 34.75 78.0
10.0 37.0 95.0
10.0 39.25 91.0
10.0 41.5 87.0
10.0 43.75 82.0
10.0 46.0 85.0
10.0 48.25 79.0
10.0 50.5 66.0
10.0 52.75 74.0
10.0 55.0 73.0
10.0 57.25 79.0
10.0 59.5 77.0
10.0 61.75 81.0
10.0 64.0 78.0
10.0 66.25 59.0
10.0 68.5 62.0
10.0 70.75 62.0
10.0 73.0 68.0
10.0 75.25 68.0
10.0 77.5 70.0
10.0 79.75 81.0
10.0 82.0 69.0
10.0 84.25 74.0
10.0 86.5 77.0
10.0 88.75 84.0
10.0 91.0 88.0
10.0 93.25 81.0
10.0 95.5 81.0
10.0 97.75 84.0
10.0 100.0 44.0
15.0 10.0 134.0
15.0 12.25 120.0
15.0 14.5 96.0
15.0 16.75 83.0
15.0 19.0 80.0
15.0 21.25 79.0
15.0 23.5 60.0
15.0 25.75 74.0
15.0 28.0 70.0
15.0 30.25 70.0
15.0 32.5 84.0
15.0 34.75 71.0
15.0 37.0 84.0
15.0 39.25 83.0
15.0 41.5 82.0
15.0 43.75 81.0
15.0 46.0 78.0
15.0 48.25 78.0
15.0 50.5 59.0
15.0 52.75 67.0
15.0 55.0 73.0
15.0 57.25 71.0
15.0 59.5 67.0
15.0 61.75 68.0
15.0 64.0 77.0
15.0 66.25 55.0
15.0 68.5 58.0
15.0 70.75 64.0
15.0 73.0 66.0
15.0 75.25 61.0
15.0 77.5 60.0
15.0 79.75 79.0
15.0 82.0 69.0
15.0 84.25 69.0
15.0 86.5 81.0
15.0 88.75 83.0
15.0 91.0 79.0
15.0 93.25 80.0
15.0 95.5 84.0
15.0 97.75 87.0
15.0 100.0 40.0
20.0 10.0 193.0
20.0 12.25 142.0
20.0 14.5 116.0
20.0 16.75 96.0
20.0 19.0 77.0
20.0 21.25 59.0
20.0 23.5 58.0
20.0 25.75 51.0
20.0 28.0 64.0
20.0 30.25 61.0
20.0 32.5 79.0
20.0 34.75 62.0
20.0 37.0 65.0
20.0 39.25 71.0
20.0 41.5 68.0
20.0 43.75 61.0
20.0 46.0 71.0
20.0 48.25 68.0
20.0 50.5 55.0
20.0 52.75 58.0
20.0 55.0 56.0
20.0 57.25 63.0
20.0 59.5 64.0
20.0 61.75 63.0
20.0 64.0 70.0
20.0 66.25 49.0
20.0 68.5 53.0
20.0 70.75 59.0
20.0 73.0 54.0
20.0 75.25 53.0
20.0 77.5 75.0
20.0 79.75 67.0
20.0 82.0 61.0
20.0 84.25 71.0
20.0 86.5 68.0
20.0 88.75 73.0
20.0 91.0 79.0
20.0 93.25 78.0
20.0 95.5 70.0
20.0 97.75 68.0
20.0 100.0 37.0
25.0 10.0 229.0
25.0 12.25 185.0
25.0 14.5 144.0
25.0 16.75 100.0
25.0 19.0 94.0
25.0 21.25 67.0
25.0 23.5 62.0
25.0 25.75 48.0
25.0 28.0 49.0
25.0 30.25 43.0
25.0 32.5 62.0
25.0 34.75 45.0
25.0 37.0 66.0
25.0 39.25 67.0
25.0 41.5 70.0
25.0 43.75 61.0
25.0 46.0 61.0
25.0 48.25 59.0
25.0 50.5 51.0
25.0 52.75 48.0
25.0 55.0 53.0
25.0 57.25 50.0
25.0 59.5 48.0
25.0 61.75 57.0
25.0 64.0 61.0
25.0 66.25 39.0
25.0 68.5 46.0
25.0 70.75 49.0
25.0 73.0 48.0
25.0 75.25 58.0
25.0 77.5 58.0
25.0 79.75 58.0
25.0 82.0 56.0
25.0 84.25 57.0
25.0 86.5 59.0
25.0 88.75 59.0
25.0 91.0 64.0
25.0 93.25 62.0
25.0 95.5 69.0
25.0 97.75 77.0
25.0 100.0 38.0
30.0 10.0 282.0
30.0 12.25 244.0
30.0 14.5 190.0
30.0 16.75 134.0
30.0 19.0 123.0
30.0 21.25 85.0
30.0 23.5 68.0
30.0 25.75 46.0
30.0 28.0 47.0
30.0 30.25 32.0
30.0 32.5 41.0
30.0 34.75 41.0
30.0 37.0 49.0
30.0 39.25 56.0
30.0 41.5 52.0
30.0 43.75 51.0
30.0 46.0 53.0
30.0 48.25 61.0
30.0 50.5 35.0
30.0 52.75 44.0
30.0 55.0 48.0
30.0 57.25 51.0
30.0 59.5 50.0
30.0 61.75 48.0
30.0 64.0 56.0
30.0 66.25 38.0
30.0 68.5 43.0
30.0 70.75 39.0
30.0 73.0 49.0
30.0 75.25 50.0
30.0 77.5 49.0
30.0 79.75 51.0
30.0 82.0 53.0
30.0 84.25 59.0
30.0 86.5 63.0
30.0 88.75 67.0
30.0 91.0 64.0
30.0 93.25 59.0
30.0 95.5 62.0
30.0 97.75 66.0
30.0 100.0 34.0
35.0 10.0 292.0
35.0 12.25 254.0
35.0 14.5 227.0
35.0 16.75 156.0
35.0 19.0 137.0
35.0 21.25 110.0
35.0 23.5 102.0
35.0 25.75 65.0
35.0 28.0 58.0
35.0 30.25 39.0
35.0 32.5 50.0
35.0 34.75 27.0
35.0 37.0 35.0
35.0 39.25 35.0
35.0 41.5 40.0
35.0 43.75 41.0
35.0 46.0 46.0
35.0 48.25 48.0
35.0 50.5 31.0
35.0 52.75 39.0
35.0 55.0 48.0
35.0 57.25 50.0
35.0 59.5 49.0
35.0 61.75 47.0
35.0 64.0 48.0
35.0 66.25 34.0
35.0 68.5 39.0
35.0 70.75 41.0
35.0 73.0 44.0
35.0 75.25 40.0
35.0 77.5 51.0
35.0 79.75 45.0
35.0 82.0 42.0
35.0 84.25 51.0
35.0 86.5 51.0
35.0 88.75 51.0
35.0 91.0 68.0
35.0 93.25 58.0
35.0 95.5 62.0
35.0 97.75 62.0
35.0 100.0 37.0
40.0 10.0 369.0
40.0 12.25 310.0
40.0 14.5 250.0
40.0 16.75 190.0
40.0 19.0 162.0
40.0 21.25 137.0
40.0 23.5 129.0
40.0 25.75 82.0
40.0 28.0 90.0
40.0 30.25 60.0
40.0 32.5 58.0
40.0 34.75 35.0
40.0 37.0 43.0
40.0 39.25 29.0
40.0 41.5 27.0
40.0 43.75 29.0
40.0 46.0 37.0
40.0 48.25 36.0
40.0 50.5 31.0
40.0 52.75 30.0
40.0 55.0 42.0
40.0 57.25 47.0
40.0 59.5 48.0
40.0 61.75 48.0
40.0 64.0 45.0
40.0 66.25 26.0
40.0 68.5 36.0
40.0 70.75 36.0
40.0 73.0 32.0
40.0 75.25 42.0
40.0 77.5 47.0
40.0 79.75 42.0
40.0 82.0 50.0
40.0 84.25 46.0
40.0 86.5 49.0
40.0 88.75 51.0
40.0 91.0 50.0
40.0 93.25 51.0
40.0 95.5 56.0
40.0 97.75 48.0
40.0 100.0 32.0
45.0 10.0 416.0
45.0 12.25 356.0
45.0 14.5 291.0
45.0 16.75 220.0
45.0 19.0 186.0
45.0 21.25 155.0
45.0 23.5 128.0
45.0 25.75 95.0
45.0 28.0 94.0
45.0 30.25 76.0
45.0 32.5 81.0
45.0 34.75 50.0
45.0 37.0 55.0
45.0 39.25 37.0
45.0 41.5 30.0
45.0 43.75 29.0
45.0 46.0 19.0
45.0 48.25 29.0
45.0 50.5 19.0
45.0 52.75 29.0
45.0 55.0 27.0
45.0 57.25 43.0
45.0 59.5 32.0
45.0 61.75 33.0
45.0 64.0 30.0
45.0 66.25 26.0
45.0 68.5 32.0
45.0 70.75 33.0
45.0 73.0 33.0
45.0 75.25 31.0
45.0 77.5 37.0
45.0 79.75 39.0
45.0 82.0 40.0
45.0 84.25 38.0
45.0 86.5 48.0
45.0 88.75 41.0
45.0 91.0 44.0
45.0 93.25 47.0
45.0 95.5 50.0
45.0 97.75 48.0
45.0 100.0 27.0
50.0 10.0 411.0
50.0 12.25 354.0
50.0 14.5 302.0
50.0 16.75 211.0
50.0 19.0 184.0
50.0 21.25 146.0
50.0 23.5 120.0
50.0 25.75 97.0
50.0 28.0 100.0
50.0 30.25 73.0
50.0 32.5 90.0
50.0 34.75 63.0
50.0 37.0 58.0
50.0 39.25 42.0
50.0 41.5 37.0
50.0 43.75 38.0
50.0 46.0 30.0
50.0 48.25 29.0
50.0 50.5 24.0
50.0 52.75 26.0
50.0 55.0 20.0
50.0 57.25 29.0
50.0 59.5 23.0
50.0 61.75 26.0
50.0 64.0 43.0
50.0 66.25 22.0
50.0 68.5 29.0
50.0 70.75 27.0
50.0 73.0 47.0
50.0 75.25 32.0
50.0 77.5 37.0
50.0 79.75 36.0
50.0 82.0 36.0
50.0 84.25 46.0
50.0 86.5 44.0
50.0 88.75 51.0
50.0 91.0 45.0
50.0 93.25 55.0
50.0 95.5 49.0
50.0 97.75 53.0
50.0 100.0 25.0
55.0 10.0 464.0
55.0 12.25 368.0
55.0 14.5 320.0
55.0 16.75 245.0
55.0 19.0 225.0
55.0 21.25 186.0
55.0 23.5 167.0
55.0 25.75 117.0
55.0 28.0 120.0
55.0 30.25 86.0
55.0 32.5 108.0
55.0 34.75 79.0
55.0 37.0 78.0
55.0 39.25 67.0
55.0 41.5 50.0
55.0 43.75 48.0
55.0 46.0 32.0
55.0 48.25 37.0
55.0 50.5 23.0
55.0 52.75 23.0
55.0 55.0 18.0
55.0 57.25 20.0
55.0 59.5 19.0
55.0 61.75 18.0
55.0 64.0 26.0
55.0 66.25 19.0
55.0 68.5 25.0
55.0 70.75 23.0
55.0 73.0 24.0
55.0 75.25 26.0
55.0 77.5 41.0
55.0 79.75 37.0
55.0 82.0 33.0
55.0 84.25 35.0
55.0 86.5 36.0
55.0 88.75 36.0
55.0 91.0 36.0
55.0 93.25 38.0
55.0 95.5 49.0
55.0 97.75 43.0
55.0 100.0 31.0
60.0 10.0 499.0
60.0 12.25 422.0
60.0 14.5 337.0
60.0 16.75 267.0
60.0 19.0 239.0
60.0 21.25 207.0
60.0 23.5 159.0
60.0 25.75 121.0
60.0 28.0 138.0
60.0 30.25 108.0
60.0 32.5 110.0
60.0 34.75 90.0
60.0 37.0 89.0
60.0 39.25 74.0
60.0 41.5 62.0
60.0 43.75 49.0
60.0 46.0 34.0
60.0 48.25 50.0
60.0 50.5 33.0
60.0 52.75 30.0
60.0 55.0 22.0
60.0 57.25 17.0
60.0 59.5 19.0
60.0 61.75 21.0
60.0 64.0 21.0
60.0 66.25 21.0
60.0 68.5 24.0
60.0 70.75 22.0
60.0 73.0 24.0
60.0 75.25 25.0
60.0 77.5 31.0
60.0 79.75 29.0
60.0 82.0 27.0
60.0 84.25 33.0
60.0 86.5 33.0
60.0 88.75 40.0
60.0 91.0 38.0
60.0 93.25 42.0
60.0 95.5 42.0
60.0 97.75 33.0
60.0 100.0 25.0
65.0 10.0 536.0
65.0 12.25 463.0
65.0 14.5 380.0
65.0 16.75 299.0
65.0 19.0 276.0
65.0 21.25 216.0
65.0 23.5 186.0
65.0 25.75 151.0
65.0 28.0 139.0
65.0 30.25 118.0
65.0 32.5 123.0
65.0 34.75 98.0
65.0 37.0 95.0
65.0 39.25 71.0
65.0 41.5 54.0
65.0 43.75 61.0
65.0 46.0 50.0
65.0 48.25 56.0
65.0 50.5 40.0
65.0 52.75 29.0
65.0 55.0 23.0
65.0 57.25 30.0
65.0 59.5 20.0
65.0 61.75 18.0
65.0 64.0 20.0
65.0 66.25 13.0
65.0 68.5 12.0
65.0 70.75 16.0
65.0 73.0 23.0
65.0 75.25 23.0
65.0 77.5 26.0
65.0 79.75 25.0
65.0 82.0 24.0
65.0 84.25 25.0
65.0 86.5 29.0
65.0 88.75 35.0
65.0 91.0 36.0
65.0 93.25 29.0
65.0 95.5 37.0
65.0 97.75 33.0
65.0 100.0 21.0
70.0 10.0 622.0
70.0 12.25 511.0
70.0 14.5 435.0
70.0 16.75 330.0
70.0 19.0 318.0
70.0 21.25 243.0
70.0 23.5 217.0
70.0 25.75 160.0
70.0 28.0 168.0
70.0 30.25 133.0
70.0 32.5 130.0
70.0 34.75 89.0
70.0 37.0 104.0
70.0 39.25 77.0
70.0 41.5 70.0
70.0 43.75 68.0
70.0 46.0 57.0
70.0 48.25 62.0
70.0 50.5 43.0
70.0 52.75 44.0
70.0 55.0 35.0
70.0 57.25 35.0
70.0 59.5 29.0
70.0 61.75 29.0
70.0 64.0 26.0
70.0 66.25 13.0
70.0 68.5 16.0
70.0 70.75 6.0
70.0 73.0 16.0
70.0 75.25 14.0
70.0 77.5 20.0
70.0 79.75 19.0
70.0 82.0 19.0
70.0 84.25 27.0
70.0 86.5 22.0
70.0 88.75 27.0
70.0 91.0 29.0
70.0 93.25 25.0
70.0 95.5 32.0
70.0 97.75 30.0
70.0 100.0 15.0
75.0 10.0 651.0
75.0 12.25 529.0
75.0 14.5 430.0
75.0 16.75 343.0
75.0 19.0 310.0
75.0 21.25 250.0
75.0 23.5 226.0
75.0 25.75 170.0
75.0 28.0 208.0
75.0 30.25 150.0
75.0 32.5 143.0
75.0 34.75 98.0
75.0 37.0 109.0
75.0 39.25 93.0
75.0 41.5 91.0
75.0 43.75 68.0
75.0 46.0 68.0
75.0 48.25 74.0
75.0 50.5 52.0
75.0 52.75 55.0
75.0 55.0 46.0
75.0 57.25 41.0
75.0 59.5 37.0
75.0 61.75 38.0
75.0 64.0 27.0
75.0 66.25 19.0
75.0 68.5 18.0
75.0 70.75 16.0
75.0 73.0 8.0
75.0 75.25 10.0
75.0 77.5 16.0
75.0 79.75 15.0
75.0 82.0 20.0
75.0 84.25 14.0
75.0 86.5 21.0
75.0 88.75 27.0
75.0 91.0 23.0
75.0 93.25 24.0
75.0 95.5 26.0
75.0 97.75 23.0
75.0 100.0 15.0
80.0 10.0 653.0
80.0 12.25 570.0
80.0 14.5 469.0
80.0 16.75 350.0
80.0 19.0 327.0
80.0 21.25 290.0
80.0 23.5 257.0
80.0 25.75 209.0
80.0 28.0 202.0
80.0 30.25 150.0
80.0 32.5 142.0
80.0 34.75 108.0
80.0 37.0 128.0
80.0 39.25 113.0
80.0 41.5 87.0
80.0 43.75 79.0
80.0 46.0 77.0
80.0 48.25 91.0
80.0 50.5 55.0
80.0 52.75 62.0
80.0 55.0 45.0
80.0 57.25 51.0
80.0 59.5 42.0
80.0 61.75 48.0
80.0 64.0 42.0
80.0 66.25 21.0
80.0 68.5 27.0
80.0 70.75 21.0
80.0 73.0 20.0
80.0 75.25 14.0
80.0 77.5 13.0
80.0 79.75 12.0
80.0 82.0 16.0
80.0 84.25 16.0
80.0 86.5 11.0
80.0 88.75 17.0
80.0 91.0 18.0
80.0 93.25 21.0
80.0 95.5 17.0
80.0 97.75 17.0
80.0 100.0 15.0
85.0 10.0 731.0
85.0 12.25 598.0
85.0 14.5 492.0
85.0 16.75 425.0
85.0 19.0 354.0
85.0 21.25 292.0
85.0 23.5 265.0
85.0 25.75 222.0
85.0 28.0 218.0
85.0 30.25 171.0
85.0 32.5 181.0
85.0 34.75 133.0
85.0 37.0 133.0
85.0 39.25 113.0
85.0 41.5 94.0
85.0 43.75 94.0
85.0 46.0 89.0
85.0 48.25 95.0
85.0 50.5 63.0
85.0 52.75 55.0
85.0 55.0 58.0
85.0 57.25 58.0
85.0 59.5 48.0
85.0 61.75 49.0
85.0 64.0 45.0
85.0 66.25 28.0
85.0 68.5 27.0
85.0 70.75 25.0
85.0 73.0 21.0
85.0 75.25 16.0
85.0 77.5 17.0
85.0 79.75 15.0
85.0 82.0 12.0
85.0 84.25 19.0
85.0 86.5 19.0
85.0 88.75 15.0
85.0 91.0 12.0
85.0 93.25 15.0
85.0 95.5 14.0
85.0 97.75 14.0
85.0 100.0 12.0
90.0 10.0 804.0
90.0 12.25 658.0
90.0 14.5 526.0
90.0 16.75 421.0
90.0 19.0 374.0
90.0 21.25 301.0
90.0 23.5 315.0
90.0 25.75 249.0
90.0 28.0 235.0
90.0 30.25 197.0
90.0 32.5 193.0
90.0 34.75 142.0
90.0 37.0 146.0
90.0 39.25 136.0
90.0 41.5 109.0
90.0 43.75 104.0
90.0 46.0 97.0
90.0 48.25 111.0
90.0 50.5 61.0
90.0 52.75 76.0
90.0 55.0 68.0
90.0 57.25 61.0
90.0 59.5 48.0
90.0 61.75 61.0
90.0 64.0 47.0
90.0 66.25 32.0
90.0 68.5 32.0
90.0 70.75 35.0
90.0 73.0 34.0
90.0 75.25 27.0
90.0 77.5 25.0
90.0 79.75 20.0
90.0 82.0 21.0
90.0 84.25 16.0
90.0 86.5 13.0
90.0 88.75 8.0
90.0 91.0 14.0
90.0 93.25 11.0
90.0 95.5 10.0
90.0 97.75 12.0
90.0 100.0 9.0
95.0 10.0 785.0
95.0 12.25 653.0
95.0 14.5 529.0
95.0 16.75 422.0
95.0 19.0 385.0
95.0 21.25 321.0
95.0 23.5 270.0
95.0 25.75 232.0
95.0 28.0 235.0
95.0 30.25 195.0
95.0 32.5 179.0
95.0 34.75 143.0
95.0 37.0 136.0
95.0 39.25 119.0
95.0 41.5 96.0
95.0 43.75 105.0
95.0 46.0 105.0
95.0 48.25 95.0
95.0 50.5 61.0
95.0 52.75 67.0
95.0 55.0 68.0
95.0 57.25 61.0
95.0 59.5 56.0
95.0 61.75 58.0
95.0 64.0 54.0
95.0 66.25 30.0
95.0 68.5 31.0
95.0 70.75 24.0
95.0 73.0 26.0
95.0 75.25 22.0
95.0 77.5 27.0
95.0 79.75 17.0
95.0 82.0 23.0
95.0 84.25 11.0
95.0 86.5 13.0
95.0 88.75 11.0
95.0 91.0 11.0
95.0 93.25 13.0
95.0 95.5 8.0
95.0 97.75 10.0
95.0 100.0 6.0
100.0 10.0 811.0
100.0 12.25 703.0
100.0 14.5 551.0
100.0 16.75 452.0
100.0 19.0 407.0
100.0 21.25 340.0
100.0 23.5 317.0
100.0 25.75 256.0
100.0 28.0 248.0
100.0 30.25 213.0
100.0 32.5 201.0
100.0 34.75 142.0
100.0 37.0 163.0
100.0 39.25 149.0
100.0 41.5 121.0
100.0 43.75 110.0
100.0 46.0 117.0
100.0 48.25 122.0
100.0 50.5 70.0
100.0 52.75 80.0
100.0 55.0 68.0
100.0 57.25 68.0
100.0 59.5 62.0
100.0 61.75 64.0
100.0 64.0 59.0
100.0 66.25 38.0
100.0 68.5 39.0
100.0 70.75 37.0
100.0 73.0 32.0
100.0 75.25 31.0
100.0 77.5 25.0
100.0 79.75 22.0
100.0 82.0 28.0
100.0 84.25 21.0
100.0 86.5 24.0
100.0 88.75 15.0
100.0 91.0 16.0
100.0 93.25 19.0
100.0 95.5 16.0
100.0 97.75 10.0
100.0 100.0 5.0
