-100.0 10.0 1005.0
-100.0 12.25 836.0
-100.0 14.5 703.0
-100.0 16.75 596.0
-100.0 19.0 540.0
-100.0 21.25 498.0
-100.0 23.5 454.0
-100.0 25.75 413.0
-100.0 28.0 399.0
-100.0 30.25 359.0
-100.0 32.5 395.0
-100.0 34.75 295.0
-100.0 37.0 342.0
-100.0 39.25 329.0
-100.0 41.5 275.0
-100.0 43.75 268.0
-100.0 46.0 293.0
-100.0 48.25 255.0
-100.0 50.5 212.0
-100.0 52.75 207.0
-100.0 55.0 206.0
-100.0 57.25 208.0
-100.0 59.5 233.0
-100.0 61.75 205.0
-100.0 64.0 232.0
-100.0 66.25 166.0
-100.0 68.5 144.0
-100.0 70.75 142.0
-100.0 73.0 152.0
-100.0 75.25 159.0
-100.0 77.5 153.0
-100.0 79.75 163.0
-100.0 82.0 162.0
-100.0 84.25 165.0
-100.0 86.5 176.0
-100.0 88.75 174.0
-100.0 91.0 166.0
-100.0 93.25 176.0
-100.0 95.5 173.0
-100.0 97.75 187.0
-100.0 100.0 87.0
-95.0 10.0 945.0
-95.0 12.25 833.0
-95.0 14.5 687.0
-95.0 16.75 586.0
-95.0 19.0 542.0
-95.0 21.25 488.0
-95.0 23.5 417.0
-95.0 25.75 389.0
-95.0 28.0 410.0
-95.0 30.25 362.0
-95.0 32.5 381.0
-95.0 34.75 325.0
-95.0 37.0 310.0
-95.0 39.25 305.0
-95.0 41.5 260.0
-95.0 43.75 254.0
-95.0 46.0 269.0
-95.0 48.25 264.0
-95.0 50.5 193.0
-95.0 52.75 196.0
-95.0 55.0 208.0
-95.0 57.25 224.0
-95.0 59.5 223.0
-95.0 61.75 228.0
-95.0 64.0 220.0
-95.0 66.25 153.0
-95.0 68.5 155.0
-95.0 70.75 138.0
-95.0 73.0 140.0
-95.0 75.25 157.0
-95.0 77.5 158.0
-95.0 79.75 163.0
-95.0 82.0 162.0
-95.0 84.25 160.0
-95.0 86.5 180.0
-95.0 88.75 180.0
-95.0 91.0 171.0
-95.0 93.25 175.0
-95.0 95.5 174.0
-95.0 97.75 160.0
-95.0 100.0 78.0
-90.0 10.0 951.0
-90.0 12.25 793.0
-90.0 14.5 658.0
-90.0 16.75 562.0
-90.0 19.0 522.0
-90.0 21.25 470.0
-90.0 23.5 462.0
-90.0 25.75 402.0
-90.0 28.0 398.0
-90.0 30.25 361.0
-90.0 32.5 348.0
-90.0 34.75 317.0
-90.0 37.0 323.0
-90.0 39.25 295.0
-90.0 41.5 245.0
-90.0 43.75 263.0
-90.0 46.0 267.0
-90.0 48.25 242.0
-90.0 50.5 206.0
-90.0 52.75 203.0
-90.0 55.0 219.0
-90.0 57.25 202.0
-90.0 59.5 202.0
-90.0 61.75 217.0
-90.0 64.0 224.0
-90.0 66.25 158.0
-90.0 68.5 151.0
-90.0 70.75 156.0
-90.0 73.0 143.0
-90.0 75.25 157.0
-90.0 77.5 158.0
-90.0 79.75 169.0
-90.0 82.0 150.0
-90.0 84.25 175.0
-90.0 86.5 166.0
-90.0 88.75 173.0
-90.0 91.0 181.0
-90.0 93.25 174.0
-90.0 95.5 174.0
-90.0 97.75 169.0
-90.0 100.0 83.0
-85.0 10.0 905.0
-85.0 12.25 770.0
-85.0 14.5 652.0
-85.0 16.75 544.0
-85.0 19.0 522.0
-85.0 21.25 461.0
-85.0 23.5 430.0
-85.0 25.75 387.0
-85.0 28.0 392.0
-85.0 30.25 336.0
-85.0 32.5 343.0
-85.0 34.75 313.0
-85.0 37.0 294.0
-85.0 39.25 297.0
-85.0 41.5 253.0
-85.0 43.75 241.0
-85.0 46.0 272.0
-85.0 48.25 249.0
-85.0 50.5 186.0
-85.0 52.75 207.0
-85.0 55.0 204.0
-85.0 57.25 204.0
-85.0 59.5 198.0
-85.0 61.75 195.0
-85.0 64.0 213.0
-85.0 66.25 146.0
-85.0 68.5 133.0
-85.0 70.75 156.0
-85.0 73.0 130.0
-85.0 75.25 161.0
-85.0 77.5 152.0
-85.0 79.75 167.0
-85.0 82.0 157.0
-85.0 84.25 157.0
-85.0 86.5 157.0
-85.0 88.75 167.0
-85.0 91.0 163.0
-85.0 93.25 167.0
-85.0 95.5 159.0
-85.0 97.75 176.0
-85.0 100.0 84.0
-80.0 10.0 849.0
-80.0 12.25 739.0
-80.0 14.5 605.0
-80.0 16.75 510.0
-80.0 19.0 475.0
-80.0 21.25 479.0
-80.0 23.5 397.0
-80.0 25.75 363.0
-80.0 28.0 358.0
-80.0 30.25 322.0
-80.0 32.5 327.0
-80.0 34.75 282.0
-80.0 37.0 291.0
-80.0 39.25 319.0
-80.0 41.5 231.0
-80.0 43.75 230.0
-80.0 46.0 252.0
-80.0 48.25 240.0
-80.0 50.5 204.0
-80.0 52.75 197.0
-80.0 55.0 205.0
-80.0 57.25 186.0
-80.0 59.5 206.0
-80.0 61.75 199.0
-80.0 64.0 208.0
-80.0 66.25 134.0
-80.0 68.5 142.0
-80.0 70.75 130.0
-80.0 73.0 142.0
-80.0 75.25 143.0
-80.0 77.5 151.0
-80.0 79.75 158.0
-80.0 82.0 156.0
-80.0 84.25 168.0
-80.0 86.5 162.0
-80.0 88.75 169.0
-80.0 91.0 175.0
-80.0 93.25 153.0
-80.0 95.5 170.0
-80.0 97.75 165.0
-80.0 100.0 77.0
-75.0 10.0 853.0
-75.0 12.25 702.0
-75.0 14.5 566.0
-75.0 16.75 494.0
-75.0 19.0 438.0
-75.0 21.25 408.0
-75.0 23.5 387.0
-75.0 25.75 350.0
-75.0 28.0 370.0
-75.0 30.25 320.0
-75.0 32.5 311.0
-75.0 34.75 264.0
-75.0 37.0 287.0
-75.0 39.25 297.0
-75.0 41.5 226.0
-75.0 43.75 244.0
-75.0 46.0 239.0
-75.0 48.25 235.0
-75.0 50.5 192.0
-75.0 52.75 177.0
-75.0 55.0 184.0
-75.0 57.25 182.0
-75.0 59.5 177.0
-75.0 61.75 189.0
-75.0 64.0 206.0
-75.0 66.25 140.0
-75.0 68.5 133.0
-75.0 70.75 140.0
-75.0 73.0 138.0
-75.0 75.25 142.0
-75.0 77.5 121.0
-75.0 79.75 148.0
-75.0 82.0 152.0
-75.0 84.25 154.0
-75.0 86.5 141.0
-75.0 88.75 156.0
-75.0 91.0 157.0
-75.0 93.25 160.0
-75.0 95.5 147.0
-75.0 97.75 159.0
-75.0 100.0 83.0
-70.0 10.0 760.0
-70.0 12.25 643.0
-70.0 14.5 498.0
-70.0 16.75 491.0
-70.0 19.0 408.0
-70.0 21.25 410.0
-70.0 23.5 366.0
-70.0 25.75 331.0
-70.0 28.0 358.0
-70.0 30.25 328.0
-70.0 32.5 296.0
-70.0 34.75 258.0
-70.0 37.0 243.0
-70.0 39.25 279.0
-70.0 41.5 219.0
-70.0 43.75 221.0
-70.0 46.0 221.0
-70.0 48.25 212.0
-70.0 50.5 178.0
-70.0 52.75 184.0
-70.0 55.0 192.0
-70.0 57.25 194.0
-70.0 59.5 184.0
-70.0 61.75 194.0
-70.0 64.0 195.0
-70.0 66.25 130.0
-70.0 68.5 129.0
-70.0 70.75 148.0
-70.0 73.0 140.0
-70.0 75.25 137.0
-70.0 77.5 139.0
-70.0 79.75 134.0
-70.0 82.0 135.0
-70.0 84.25 143.0
-70.0 86.5 142.0
-70.0 88.75 155.0
-70.0 91.0 157.0
-70.0 93.25 159.0
-70.0 95.5 147.0
-70.0 97.75 152.0
-70.0 100.0 69.0
-65.0 10.0 712.0
-65.0 12.25 619.0
-65.0 14.5 499.0
-65.0 16.75 446.0
-65.0 19.0 428.0
-65.0 21.25 382.0
-65.0 23.5 326.0
-65.0 25.75 320.0
-65.0 28.0 317.0
-65.0 30.25 269.0
-65.0 32.5 295.0
-65.0 34.75 262.0
-65.0 37.0 271.0
-65.0 39.25 258.0
-65.0 41.5 200.0
-65.0 43.75 217.0
-65.0 46.0 215.0
-65.0 48.25 219.0
-65.0 50.5 159.0
-65.0 52.75 175.0
-65.0 55.0 183.0
-65.0 57.25 183.0
-65.0 59.5 178.0
-65.0 61.75 189.0
-65.0 64.0 183.0
-65.0 66.25 123.0
-65.0 68.5 120.0
-65.0 70.75 127.0
-65.0 73.0 121.0
-65.0 75.25 134.0
-65.0 77.5 138.0
-65.0 79.75 144.0
-65.0 82.0 140.0
-65.0 84.25 134.0
-65.0 86.5 148.0
-65.0 88.75 146.0
-65.0 91.0 150.0
-65.0 93.25 149.0
-65.0 95.5 154.0
-65.0 97.75 162.0
-65.0 100.0 79.0
-60.0 10.0 721.0
-60.0 12.25 561.0
-60.0 14.5 464.0
-60.0 16.75 425.0
-60.0 19.0 375.0
-60.0 21.25 349.0
-60.0 23.5 334.0
-60.0 25.75 304.0
-60.0 28.0 303.0
-60.0 30.25 279.0
-60.0 32.5 267.0
-60.0 34.75 239.0
-60.0 37.0 242.0
-60.0 39.25 247.0
-60.0 41.5 208.0
-60.0 43.75 216.0
-60.0 46.0 202.0
-60.0 48.25 202.0
-60.0 50.5 161.0
-60.0 52.75 160.0
-60.0 55.0 165.0
-60.0 57.25 161.0
-60.0 59.5 180.0
-60.0 61.75 174.0
-60.0 64.0 191.0
-60.0 66.25 112.0
-60.0 68.5 125.0
-60.0 70.75 126.0
-60.0 73.0 127.0
-60.0 75.25 129.0
-60.0 77.5 136.0
-60.0 79.75 139.0
-60.0 82.0 133.0
-60.0 84.25 149.0
-60.0 86.5 144.0
-60.0 88.75 145.0
-60.0 91.0 151.0
-60.0 93.25 142.0
-60.0 95.5 137.0
-60.0 97.75 148.0
-60.0 100.0 68.0
-55.0 10.0 638.0
-55.0 12.25 547.0
-55.0 14.5 432.0
-55.0 16.75 394.0
-55.0 19.0 364.0
-55.0 21.25 359.0
-55.0 23.5 301.0
-55.0 25.75 276.0
-55.0 28.0 278.0
-55.0 30.25 268.0
-55.0 32.5 255.0
-55.0 34.75 221.0
-55.0 37.0 229.0
-55.0 39.25 255.0
-55.0 41.5 190.0
-55.0 43.75 204.0
-55.0 46.0 208.0
-55.0 48.25 211.0
-55.0 50.5 154.0
-55.0 52.75 144.0
-55.0 55.0 159.0
-55.0 57.25 175.0
-55.0 59.5 176.0
-55.0 61.75 172.0
-55.0 64.0 180.0
-55.0 66.25 115.0
-55.0 68.5 113.0
-55.0 70.75 119.0
-55.0 73.0 114.0
-55.0 75.25 129.0
-55.0 77.5 121.0
-55.0 79.75 135.0
-55.0 82.0 127.0
-55.0 84.25 150.0
-55.0 86.5 133.0
-55.0 88.75 146.0
-55.0 91.0 135.0
-55.0 93.25 148.0
-55.0 95.5 142.0
-55.0 97.75 148.0
-55.0 100.0 67.0
-50.0 10.0 592.0
-50.0 12.25 480.0
-50.0 14.5 393.0
-50.0 16.75 403.0
-50.0 19.0 333.0
-50.0 21.25 335.0
-50.0 23.5 273.0
-50.0 25.75 248.0
-50.0 28.0 267.0
-50.0 30.25 241.0
-50.0 32.5 234.0
-50.0 34.75 219.0
-50.0 37.0 220.0
-50.0 39.25 221.0
-50.0 41.5 177.0
-50.0 43.75 190.0
-50.0 46.0 192.0
-50.0 48.25 186.0
-50.0 50.5 141.0
-50.0 52.75 154.0
-50.0 55.0 146.0
-50.0 57.25 140.0
-50.0 59.5 167.0
-50.0 61.75 148.0
-50.0 64.0 152.0
-50.0 66.25 114.0
-50.0 68.5 117.0
-50.0 70.75 113.0
-50.0 73.0 124.0
-50.0 75.25 134.0
-50.0 77.5 118.0
-50.0 79.75 122.0
-50.0 82.0 121.0
-50.0 84.25 138.0
-50.0 86.5 131.0
-50.0 88.75 129.0
-50.0 91.0 135.0
-50.0 93.25 126.0
-50.0 95.5 132.0
-50.0 97.75 128.0
-50.0 100.0 65.0
-45.0 10.0 592.0
-45.0 12.25 507.0
-45.0 14.5 417.0
-45.0 16.75 387.0
-45.0 19.0 326.0
-45.0 21.25 336.0
-45.0 23.5 272.0
-45.0 25.75 261.0
-45.0 28.0 279.0
-45.0 30.25 229.0
-45.0 32.5 233.0
-45.0 34.75 206.0
-45.0 37.0 228.0
-45.0 39.25 230.0
-45.0 41.5 169.0
-45.0 43.75 172.0
-45.0 46.0 190.0
-45.0 48.25 189.0
-45.0 50.5 148.0
-45.0 52.75 134.0
-45.0 55.0 146.0
-45.0 57.25 157.0
-45.0 59.5 168.0
-45.0 61.75 152.0
-45.0 64.0 176.0
-45.0 66.25 100.0
-45.0 68.5 100.0
-45.0 70.75 108.0
-45.0 73.0 108.0
-45.0 75.25 117.0
-45.0 77.5 116.0
-45.0 79.75 119.0
-45.0 82.0 126.0
-45.0 84.25 128.0
-45.0 86.5 118.0
-45.0 88.75 123.0
-45.0 91.0 134.0
-45.0 93.25 134.0
-45.0 95.5 135.0
-45.0 97.75 134.0
-45.0 100.0 71.0
-40.0 10.0 548.0
-40.0 12.25 449.0
-40.0 14.5 373.0
-40.0 16.75 343.0
-40.0 19.0 322.0
-40.0 21.25 312.0
-40.0 23.5 266.0
-40.0 25.75 249.0
-40.0 28.0 252.0
-40.0 30.25 243.0
-40.0 32.5 224.0
-40.0 34.75 208.0
-40.0 37.0 203.0
-40.0 39.25 216.0
-40.0 41.5 185.0
-40.0 43.75 180.0
-40.0 46.0 189.0
-40.0 48.25 183.0
-40.0 50.5 143.0
-40.0 52.75 142.0
-40.0 55.0 156.0
-40.0 57.25 128.0
-40.0 59.5 154.0
-40.0 61.75 152.0
-40.0 64.0 168.0
-40.0 66.25 113.0
-40.0 68.5 93.0
-40.0 70.75 104.0
-40.0 73.0 111.0
-40.0 75.25 111.0
-40.0 77.5 118.0
-40.0 79.75 125.0
-40.0 82.0 127.0
-40.0 84.25 120.0
-40.0 86.5 117.0
-40.0 88.75 136.0
-40.0 91.0 124.0
-40.0 93.25 131.0
-40.0 95.5 124.0
-40.0 97.75 120.0
-40.0 100.0 64.0
-35.0 10.0 495.0
-35.0 12.25 417.0
-35.0 14.5 358.0
-35.0 16.75 312.0
-35.0 19.0 298.0
-35.0 21.25 278.0
-35.0 23.5 246.0
-35.0 25.75 224.0
-35.0 28.0 237.0
-35.0 30.25 205.0
-35.0 32.5 216.0
-35.0 34.75 200.0
-35.0 37.0 183.0
-35.0 39.25 216.0
-35.0 41.5 168.0
-35.0 43.75 174.0
-35.0 46.0 166.0
-35.0 48.25 166.0
-35.0 50.5 130.0
-35.0 52.75 127.0
-35.0 55.0 143.0
-35.0 57.25 136.0
-35.0 59.5 145.0
-35.0 61.75 142.0
-35.0 64.0 148.0
-35.0 66.25 105.0
-35.0 68.5 96.0
-35.0 70.75 108.0
-35.0 73.0 106.0
-35.0 75.25 110.0
-35.0 77.5 123.0
-35.0 79.75 122.0
-35.0 82.0 117.0
-35.0 84.25 115.0
-35.0 86.5 127.0
-35.0 88.75 122.0
-35.0 91.0 132.0
-35.0 93.25 127.0
-35.0 95.5 138.0
-35.0 97.75 126.0
-35.0 100.0 55.0
-30.0 10.0 460.0
-30.0 12.25 377.0
-30.0 14.5 309.0
-30.0 16.75 284.0
-30.0 19.0 284.0
-30.0 21.25 250.0
-30.0 23.5 229.0
-30.0 25.75 227.0
-30.0 28.0 221.0
-30.0 30.25 189.0
-30.0 32.5 217.0
-30.0 34.75 166.0
-30.0 37.0 177.0
-30.0 39.25 193.0
-30.0 41.5 154.0
-30.0 43.75 161.0
-30.0 46.0 157.0
-30.0 48.25 146.0
-30.0 50.5 119.0
-30.0 52.75 114.0
-30.0 55.0 117.0
-30.0 57.25 123.0
-30.0 59.5 141.0
-30.0 61.75 128.0
-30.0 64.0 135.0
-30.0 66.25 101.0
-30.0 68.5 91.0
-30.0 70.75 106.0
-30.0 73.0 109.0
-30.0 75.25 113.0
-30.0 77.5 104.0
-30.0 79.75 119.0
-30.0 82.0 105.0
-30.0 84.25 101.0
-30.0 86.5 110.0
-30.0 88.75 123.0
-30.0 91.0 135.0
-30.0 93.25 128.0
-30.0 95.5 130.0
-30.0 97.75 128.0
-30.0 100.0 55.0
-25.0 10.0 406.0
-25.0 12.25 349.0
-25.0 14.5 269.0
-25.0 16.75 264.0
-25.0 19.0 259.0
-25.0 21.25 231.0
-25.0 23.5 217.0
-25.0 25.75 201.0
-25.0 28.0 215.0
-25.0 30.25 177.0
-25.0 32.5 198.0
-25.0 34.75 175.0
-25.0 37.0 161.0
-25.0 39.25 171.0
-25.0 41.5 138.0
-25.0 43.75 140.0
-25.0 46.0 152.0
-25.0 48.25 144.0
-25.0 50.5 110.0
-25.0 52.75 118.0
-25.0 55.0 123.0
-25.0 57.25 121.0
-25.0 59.5 135.0
-25.0 61.75 121.0
-25.0 64.0 141.0
-25.0 66.25 99.0
-25.0 68.5 86.0
-25.0 70.75 99.0
-25.0 73.0 101.0
-25.0 75.25 103.0
-25.0 77.5 100.0
-25.0 79.75 107.0
-25.0 82.0 105.0
-25.0 84.25 117.0
-25.0 86.5 104.0
-25.0 88.75 111.0
-25.0 91.0 111.0
-25.0 93.25 112.0
-25.0 95.5 110.0
-25.0 97.75 112.0
-25.0 100.0 59.0
-20.0 10.0 382.0
-20.0 12.25 303.0
-20.0 14.5 252.0
-20.0 16.75 239.0
-20.0 19.0 219.0
-20.0 21.25 215.0
-20.0 23.5 187.0
-20.0 25.75 189.0
-20.0 28.0 195.0
-20.0 30.25 174.0
-20.0 32.5 183.0
-20.0 34.75 145.0
-20.0 37.0 164.0
-20.0 39.25 164.0
-20.0 41.5 141.0
-20.0 43.75 124.0
-20.0 46.0 140.0
-20.0 48.25 125.0
-20.0 50.5 111.0
-20.0 52.75 107.0
-20.0 55.0 117.0
-20.0 57.25 102.0
-20.0 59.5 125.0
-20.0 61.75 114.0
-20.0 64.0 117.0
-20.0 66.25 83.0
-20.0 68.5 96.0
-20.0 70.75 98.0
-20.0 73.0 94.0
-20.0 75.25 90.0
-20.0 77.5 98.0
-20.0 79.75 99.0
-20.0 82.0 107.0
-20.0 84.25 111.0
-20.0 86.5 98.0
-20.0 88.75 113.0
-20.0 91.0 111.0
-20.0 93.25 109.0
-20.0 95.5 104.0
-20.0 97.75 98.0
-20.0 100.0 56.0
-15.0 10.0 324.0
-15.0 12.25 266.0
-15.0 14.5 224.0
-15.0 16.75 205.0
-15.0 19.0 189.0
-15.0 21.25 191.0
-15.0 23.5 155.0
-15.0 25.75 180.0
-15.0 28.0 176.0
-15.0 30.25 153.0
-15.0 32.5 156.0
-15.0 34.75 142.0
-15.0 37.0 149.0
-15.0 39.25 150.0
-15.0 41.5 119.0
-15.0 43.75 111.0
-15.0 46.0 126.0
-15.0 48.25 125.0
-15.0 50.5 100.0
-15.0 52.75 101.0
-15.0 55.0 108.0
-15.0 57.25 107.0
-15.0 59.5 104.0
-15.0 61.75 110.0
-15.0 64.0 123.0
-15.0 66.25 80.0
-15.0 68.5 88.0
-15.0 70.75 79.0
-15.0 73.0 80.0
-15.0 75.25 81.0
-15.0 77.5 87.0
-15.0 79.75 93.0
-15.0 82.0 103.0
-15.0 84.25 94.0
-15.0 86.5 102.0
-15.0 88.75 96.0
-15.0 91.0 104.0
-15.0 93.25 112.0
-15.0 95.5 107.0
-15.0 97.75 113.0
-15.0 100.0 51.0
-10.0 10.0 269.0
-10.0 12.25 218.0
-10.0 14.5 192.0
-10.0 16.75 177.0
-10.0 19.0 157.0
-10.0 21.25 158.0
-10.0 23.5 157.0
-10.0 25.75 155.0
-10.0 28.0 152.0
-10.0 30.25 131.0
-10.0 32.5 151.0
-10.0 34.75 131.0
-10.0 37.0 135.0
-10.0 39.25 149.0
-10.0 41.5 123.0
-10.0 43.75 119.0
-10.0 46.0 114.0
-10.0 48.25 122.0
-10.0 50.5 98.0
-10.0 52.75 92.0
-10.0 55.0 88.0
-10.0 57.25 98.0
-10.0 59.5 91.0
-10.0 61.75 112.0
-10.0 64.0 112.0
-10.0 66.25 78.0
-10.0 68.5 84.0
-10.0 70.75 83.0
-10.0 73.0 82.0
-10.0 75.25 86.0
-10.0 77.5 84.0
-10.0 79.75 92.0
-10.0 82.0 82.0
-10.0 84.25 102.0
-10.0 86.5 103.0
-10.0 88.75 98.0
-10.0 91.0 109.0
-10.0 93.25 110.0
-10.0 95.5 95.0
-10.0 97.75 106.0
-10.0 100.0 49.0
-5.0 10.0 199.0
-5.0 12.25 195.0
-5.0 14.5 159.0
-5.0 16.75 172.0
-5.0 19.0 143.0
-5.0 21.25 151.0
-5.0 23.5 150.0
-5.0 25.75 138.0
-5.0 28.0 137.0
-5.0 30.25 135.0
-5.0 32.5 132.0
-5.0 34.75 121.0
-5.0 37.0 120.0
-5.0 39.25 132.0
-5.0 41.5 100.0
-5.0 43.75 108.0
-5.0 46.0 108.0
-5.0 48.25 117.0
-5.0 50.5 88.0
-5.0 52.75 80.0
-5.0 55.0 97.0
-5.0 57.25 92.0
-5.0 59.5 102.0
-5.0 61.75 101.0
-5.0 64.0 97.0
-5.0 66.25 66.0
-5.0 68.5 59.0
-5.0 70.75 72.0
-5.0 73.0 82.0
-5.0 75.25 89.0
-5.0 77.5 86.0
-5.0 79.75 92.0
-5.0 82.0 90.0
-5.0 84.25 91.0
-5.0 86.5 96.0
-5.0 88.75 102.0
-5.0 91.0 97.0
-5.0 93.25 92.0
-5.0 95.5 94.0
-5.0 97.75 90.0
-5.0 100.0 49.0
0.0 10.0 179.0
0.0 12.25 155.0
0.0 14.5 111.0
0.0 16.75 134.0
0.0 19.0 120.0
0.0 21.25 135.0
0.0 23.5 97.0
0.0 25.75 123.0
0.0 28.0 120.0
0.0 30.25 118.0
0.0 32.5 112.0
0.0 34.75 113.0
0.0 37.0 100.0
0.0 39.25 128.0
0.0 41.5 95.0
0.0 43.75 96.0
0.0 46.0 117.0
0.0 48.25 98.0
0.0 50.5 76.0
0.0 52.75 80.0
0.0 55.0 86.0
0.0 57.25 86.0
0.0 59.5 89.0
0.0 61.75 101.0
0.0 64.0 107.0
0.0 66.25 71.0
0.0 68.5 65.0
0.0 70.75 73.0
0.0 73.0 73.0
0.0 75.25 81.0
0.0 77.5 68.0
0.0 79.75 89.0
0.0 82.0 78.0
0.0 84.25 81.0
0.0 86.5 86.0
0.0 88.75 87.0
0.0 91.0 91.0
0.0 93.25 99.0
0.0 95.5 94.0
0.0 97.75 95.0
0.0 100.0 40.0
5.0 10.0 133.0
5.0 12.25 143.0
5.0 14.5 129.0
5.0 16.75 129.0
5.0 19.0 123.0
5.0 21.25 149.0
5.0 23.5 107.0
5.0 25.75 107.0
5.0 28.0 116.0
5.0 30.25 96.0
5.0 32.5 123.0
5.0 34.75 96.0
5.0 37.0 108.0
5.0 39.25 121.0
5.0 41.5 95.0
5.0 43.75 91.0
5.0 46.0 85.0
5.0 48.25 98.0
5.0 50.5 77.0
5.0 52.75 78.0
5.0 55.0 74.0
5.0 57.25 75.0
5.0 59.5 88.0
5.0 61.75 94.0
5.0 64.0 95.0
5.0 66.25 63.0
5.0 68.5 69.0
5.0 70.75 70.0
5.0 73.0 67.0
5.0 75.25 74.0
5.0 77.5 71.0
5.0 79.75 80.0
5.0 82.0 76.0
5.0 84.25 81.0
5.0 86.5 86.0
5.0 88.75 89.0
5.0 91.0 90.0
5.0 93.25 90.0
5.0 95.5 94.0
5.0 97.75 76.0
5.0 100.0 46.0
10.0 10.0 85.0
10.0 12.25 118.0
10.0 14.5 101.0
10.0 16.75 103.0
10.0 19.0 108.0
10.0 21.25 114.0
10.0 23.5 93.0
10.0 25.75 91.0
10.0 28.0 99.0
10.0 30.25 85.0
10.0 32.5 108.0
10.0 34.75 87.0
10.0 37.0 105.0
10.0 39.25 95.0
10.0 41.5 78.0
10.0 43.75 86.0
10.0 46.0 93.0
10.0 48.25 89.0
10.0 50.5 72.0
10.0 52.75 73.0
10.0 55.0 75.0
10.0 57.25 82.0
10.0 59.5 83.0
10.0 61.75 85.0
10.0 64.0 88.0
10.0 66.25 62.0
10.0 68.5 70.0
10.0 70.75 65.0
10.0 73.0 68.0
10.0 75.25 67.0
10.0 77.5 77.0
10.0 79.75 82.0
10.0 82.0 72.0
10.0 84.25 77.0
10.0 86.5 78.0
10.0 88.75 80.0
10.0 91.0 85.0
10.0 93.25 87.0
10.0 95.5 82.0
10.0 97.75 79.0
10.0 100.0 45.0
15.0 10.0 124.0
15.0 12.25 123.0
15.0 14.5 92.0
15.0 16.75 74.0
15.0 19.0 72.0
15.0 21.25 90.0
15.0 23.5 81.0
15.0 25.75 67.0
15.0 28.0 86.0
15.0 30.25 73.0
15.0 32.5 83.0
15.0 34.75 69.0
15.0 37.0 91.0
15.0 39.25 87.0
15.0 41.5 78.0
15.0 43.75 79.0
15.0 46.0 83.0
15.0 48.25 75.0
15.0 50.5 63.0
15.0 52.75 65.0
15.0 55.0 64.0
15.0 57.25 71.0
15.0 59.5 79.0
15.0 61.75 74.0
15.0 64.0 75.0
15.0 66.25 61.0
15.0 68.5 53.0
15.0 70.75 65.0
15.0 73.0 65.0
15.0 75.25 68.0
15.0 77.5 67.0
15.0 79.75 70.0
15.0 82.0 67.0
15.0 84.25 72.0
15.0 86.5 81.0
15.0 88.75 80.0
15.0 91.0 77.0
15.0 93.25 86.0
15.0 95.5 75.0
15.0 97.75 73.0
15.0 100.0 43.0
20.0 10.0 178.0
20.0 12.25 158.0
20.0 14.5 111.0
20.0 16.75 74.0
20.0 19.0 68.0
20.0 21.25 57.0
20.0 23.5 63.0
20.0 25.75 50.0
20.0 28.0 61.0
20.0 30.25 54.0
20.0 32.5 74.0
20.0 34.75 60.0
20.0 37.0 63.0
20.0 39.25 75.0
20.0 41.5 66.0
20.0 43.75 68.0
20.0 46.0 63.0
20.0 48.25 70.0
20.0 50.5 42.0
20.0 52.75 56.0
20.0 55.0 43.0
20.0 57.25 72.0
20.0 59.5 73.0
20.0 61.75 71.0
20.0 64.0 72.0
20.0 66.25 51.0
20.0 68.5 47.0
20.0 70.75 48.0
20.0 73.0 60.0
20.0 75.25 57.0
20.0 77.5 62.0
20.0 79.75 63.0
20.0 82.0 67.0
20.0 84.25 69.0
20.0 86.5 74.0
20.0 88.75 78.0
20.0 91.0 71.0
20.0 93.25 71.0
20.0 95.5 70.0
20.0 97.75 69.0
20.0 100.0 43.0
25.0 10.0 209.0
25.0 12.25 195.0
25.0 14.5 157.0
25.0 16.75 99.0
25.0 19.0 92.0
25.0 21.25 61.0
25.0 23.5 57.0
25.0 25.75 50.0
25.0 28.0 60.0
25.0 30.25 41.0
25.0 32.5 51.0
25.0 34.75 54.0
25.0 37.0 53.0
25.0 39.25 65.0
25.0 41.5 56.0
25.0 43.75 58.0
25.0 46.0 62.0
25.0 48.25 65.0
25.0 50.5 39.0
25.0 52.75 51.0
25.0 55.0 52.0
25.0 57.25 59.0
25.0 59.5 60.0
25.0 61.75 54.0
25.0 64.0 68.0
25.0 66.25 44.0
25.0 68.5 54.0
25.0 70.75 56.0
25.0 73.0 48.0
25.0 75.25 49.0
25.0 77.5 62.0
25.0 79.75 63.0
25.0 82.0 56.0
25.0 84.25 62.0
25.0 86.5 69.0
25.0 88.75 68.0
25.0 91.0 76.0
25.0 93.25 67.0
25.0 95.5 63.0
25.0 97.75 74.0
25.0 100.0 38.0
30.0 10.0 256.0
30.0 12.25 229.0
30.0 14.5 188.0
30.0 16.75 129.0
30.0 19.0 114.0
30.0 21.25 85.0
30.0 23.5 66.0
30.0 25.75 48.0
30.0 28.0 55.0
30.0 30.25 30.0
30.0 32.5 42.0
30.0 34.75 34.0
30.0 37.0 40.0
30.0 39.25 46.0
30.0 41.5 47.0
30.0 43.75 46.0
30.0 46.0 53.0
30.0 48.25 43.0
30.0 50.5 35.0
30.0 52.75 39.0
30.0 55.0 42.0
30.0 57.25 43.0
30.0 59.5 47.0
30.0 61.75 57.0
30.0 64.0 58.0
30.0 66.25 42.0
30.0 68.5 46.0
30.0 70.75 48.0
30.0 73.0 52.0
30.0 75.25 48.0
30.0 77.5 49.0
30.0 79.75 49.0
30.0 82.0 53.0
30.0 84.25 55.0
30.0 86.5 51.0
30.0 88.75 59.0
30.0 91.0 61.0
30.0 93.25 66.0
30.0 95.5 60.0
30.0 97.75 62.0
30.0 100.0 32.0
35.0 10.0 309.0
35.0 12.25 274.0
35.0 14.5 207.0
35.0 16.75 154.0
35.0 19.0 143.0
35.0 21.25 115.0
35.0 23.5 90.0
35.0 25.75 67.0
35.0 28.0 68.0
35.0 30.25 41.0
35.0 32.5 42.0
35.0 34.75 28.0
35.0 37.0 41.0
35.0 39.25 34.0
35.0 41.5 37.0
35.0 43.75 36.0
35.0 46.0 33.0
35.0 48.25 42.0
35.0 50.5 26.0
35.0 52.75 45.0
35.0 55.0 44.0
35.0 57.25 52.0
35.0 59.5 49.0
35.0 61.75 50.0
35.0 64.0 60.0
35.0 66.25 28.0
35.0 68.5 41.0
35.0 70.75 37.0
35.0 73.0 51.0
35.0 75.25 43.0
35.0 77.5 47.0
35.0 79.75 42.0
35.0 82.0 50.0
35.0 84.25 53.0
35.0 86.5 52.0
35.0 88.75 57.0
35.0 91.0 50.0
35.0 93.25 58.0
35.0 95.5 52.0
35.0 97.75 63.0
35.0 100.0 30.0
40.0 10.0 391.0
40.0 12.25 304.0
40.0 14.5 256.0
40.0 16.75 190.0
40.0 19.0 183.0
40.0 21.25 131.0
40.0 23.5 112.0
40.0 25.75 80.0
40.0 28.0 85.0
40.0 30.25 55.0
40.0 32.5 56.0
40.0 34.75 38.0
40.0 37.0 35.0
40.0 39.25 43.0
40.0 41.5 20.0
40.0 43.75 33.0
40.0 46.0 29.0
40.0 48.25 44.0
40.0 50.5 25.0
40.0 52.75 31.0
40.0 55.0 40.0
40.0 57.25 45.0
40.0 59.5 51.0
40.0 61.75 41.0
40.0 64.0 43.0
40.0 66.25 25.0
40.0 68.5 41.0
40.0 70.75 32.0
40.0 73.0 40.0
40.0 75.25 42.0
40.0 77.5 38.0
40.0 79.75 44.0
40.0 82.0 41.0
40.0 84.25 50.0
40.0 86.5 47.0
40.0 88.75 54.0
40.0 91.0 58.0
40.0 93.25 47.0
40.0 95.5 51.0
40.0 97.75 56.0
40.0 100.0 31.0
45.0 10.0 413.0
45.0 12.25 348.0
45.0 14.5 280.0
45.0 16.75 223.0
45.0 19.0 211.0
45.0 21.25 157.0
45.0 23.5 129.0
45.0 25.75 95.0
45.0 28.0 88.0
45.0 30.25 68.0
45.0 32.5 70.0
45.0 34.75 40.0
45.0 37.0 47.0
45.0 39.25 38.0
45.0 41.5 27.0
45.0 43.75 34.0
45.0 46.0 19.0
45.0 48.25 36.0
45.0 50.5 19.0
45.0 52.75 35.0
45.0 55.0 21.0
45.0 57.25 36.0
45.0 59.5 40.0
45.0 61.75 42.0
45.0 64.0 37.0
45.0 66.25 23.0
45.0 68.5 28.0
45.0 70.75 33.0
45.0 73.0 36.0
45.0 75.25 28.0
45.0 77.5 38.0
45.0 79.75 41.0
45.0 82.0 35.0
45.0 84.25 46.0
45.0 86.5 39.0
45.0 88.75 49.0
45.0 91.0 53.0
45.0 93.25 44.0
45.0 95.5 50.0
45.0 97.75 48.0
45.0 100.0 27.0
50.0 10.0 413.0
50.0 12.25 349.0
50.0 14.5 277.0
50.0 16.75 216.0
50.0 19.0 194.0
50.0 21.25 145.0
50.0 23.5 144.0
50.0 25.75 90.0
50.0 28.0 111.0
50.0 30.25 69.0
50.0 32.5 81.0
50.0 34.75 57.0
50.0 37.0 68.0
50.0 39.25 52.0
50.0 41.5 34.0
50.0 43.75 37.0
50.0 46.0 27.0
50.0 48.25 23.0
50.0 50.5 22.0
50.0 52.75 22.0
50.0 55.0 21.0
50.0 57.25 28.0
50.0 59.5 29.0
50.0 61.75 31.0
50.0 64.0 32.0
50.0 66.25 25.0
50.0 68.5 22.0
50.0 70.75 30.0
50.0 73.0 36.0
50.0 75.25 32.0
50.0 77.5 43.0
50.0 79.75 32.0
50.0 82.0 39.0
50.0 84.25 37.0
50.0 86.5 41.0
50.0 88.75 51.0
50.0 91.0 44.0
50.0 93.25 46.0
50.0 95.5 40.0
50.0 97.75 49.0
50.0 100.0 26.0
55.0 10.0 436.0
55.0 12.25 399.0
55.0 14.5 312.0
55.0 16.75 227.0
55.0 19.0 218.0
55.0 21.25 173.0
55.0 23.5 145.0
55.0 25.75 115.0
55.0 28.0 115.0
55.0 30.25 83.0
55.0 32.5 97.0
55.0 34.75 66.0
55.0 37.0 67.0
55.0 39.25 54.0
55.0 41.5 50.0
55.0 43.75 48.0
55.0 46.0 34.0
55.0 48.25 42.0
55.0 50.5 18.0
55.0 52.75 18.0
55.0 55.0 12.0
55.0 57.25 23.0
55.0 59.5 18.0
55.0 61.75 21.0
55.0 64.0 30.0
55.0 66.25 22.0
55.0 68.5 30.0
55.0 70.75 25.0
55.0 73.0 25.0
55.0 75.25 32.0
55.0 77.5 33.0
55.0 79.75 36.0
55.0 82.0 35.0
55.0 84.25 34.0
55.0 86.5 39.0
55.0 88.75 40.0
55.0 91.0 48.0
55.0 93.25 41.0
55.0 95.5 43.0
55.0 97.75 48.0
55.0 100.0 21.0
60.0 10.0 486.0
60.0 12.25 430.0
60.0 14.5 340.0
60.0 16.75 255.0
60.0 19.0 233.0
60.0 21.25 190.0
60.0 23.5 167.0
60.0 25.75 147.0
60.0 28.0 140.0
60.0 30.25 96.0
60.0 32.5 114.0
60.0 34.75 87.0
60.0 37.0 80.0
60.0 39.25 72.0
60.0 41.5 66.0
60.0 43.75 55.0
60.0 46.0 44.0
60.0 48.25 51.0
60.0 50.5 34.0
60.0 52.75 23.0
60.0 55.0 18.0
60.0 57.25 28.0
60.0 59.5 21.0
60.0 61.75 20.0
60.0 64.0 17.0
60.0 66.25 20.0
60.0 68.5 20.0
60.0 70.75 15.0
60.0 73.0 24.0
60.0 75.25 25.0
60.0 77.5 29.0
60.0 79.75 28.0
60.0 82.0 30.0
60.0 84.25 31.0
60.0 86.5 31.0
60.0 88.75 40.0
60.0 91.0 41.0
60.0 93.25 35.0
60.0 95.5 40.0
60.0 97.75 33.0
60.0 100.0 23.0
65.0 10.0 562.0
65.0 12.25 433.0
65.0 14.5 385.0
65.0 16.75 280.0
65.0 19.0 265.0
65.0 21.25 206.0
65.0 23.5 190.0
65.0 25.75 161.0
65.0 28.0 157.0
65.0 30.25 114.0
65.0 32.5 112.0
65.0 34.75 86.0
65.0 37.0 95.0
65.0 39.25 72.0
65.0 41.5 67.0
65.0 43.75 61.0
65.0 46.0 45.0
65.0 48.25 63.0
65.0 50.5 38.0
65.0 52.75 33.0
65.0 55.0 25.0
65.0 57.25 25.0
65.0 59.5 21.0
65.0 61.75 19.0
65.0 64.0 28.0
65.0 66.25 15.0
65.0 68.5 18.0
65.0 70.75 16.0
65.0 73.0 19.0
65.0 75.25 17.0
65.0 77.5 23.0
65.0 79.75 28.0
65.0 82.0 27.0
65.0 84.25 30.0
65.0 86.5 32.0
65.0 88.75 40.0
65.0 91.0 31.0
65.0 93.25 25.0
65.0 95.5 33.0
65.0 97.75 38.0
65.0 100.0 19.0
70.0 10.0 586.0
70.0 12.25 486.0
70.0 14.5 401.0
70.0 16.75 316.0
70.0 19.0 272.0
70.0 21.25 236.0
70.0 23.5 208.0
70.0 25.75 162.0
70.0 28.0 177.0
70.0 30.25 119.0
70.0 32.5 135.0
70.0 34.75 87.0
70.0 37.0 97.0
70.0 39.25 83.0
70.0 41.5 68.0
70.0 43.75 75.0
70.0 46.0 58.0
70.0 48.25 61.0
70.0 50.5 42.0
70.0 52.75 44.0
70.0 55.0 36.0
70.0 57.25 32.0
70.0 59.5 28.0
70.0 61.75 29.0
70.0 64.0 21.0
70.0 66.25 18.0
70.0 68.5 16.0
70.0 70.75 13.0
70.0 73.0 15.0
70.0 75.25 16.0
70.0 77.5 18.0
70.0 79.75 18.0
70.0 82.0 18.0
70.0 84.25 25.0
70.0 86.5 26.0
70.0 88.75 28.0
70.0 91.0 30.0
70.0 93.25 25.0
70.0 95.5 27.0
70.0 97.75 18.0
70.0 100.0 15.0
75.0 10.0 652.0
75.0 12.25 557.0
75.0 14.5 430.0
75.0 16.75 356.0
75.0 19.0 315.0
75.0 21.25 274.0
75.0 23.5 244.0
75.0 25.75 202.0
75.0 28.0 194.0
75.0 30.25 139.0
75.0 32.5 138.0
75.0 34.75 110.0
75.0 37.0 99.0
75.0 39.25 87.0
75.0 41.5 70.0
75.0 43.75 79.0
75.0 46.0 63.0
75.0 48.25 72.0
75.0 50.5 53.0
75.0 52.75 49.0
75.0 55.0 39.0
75.0 57.25 44.0
75.0 59.5 37.0
75.0 61.75 28.0
75.0 64.0 27.0
75.0 66.25 20.0
75.0 68.5 20.0
75.0 70.75 20.0
75.0 73.0 16.0
75.0 75.25 9.0
75.0 77.5 14.0
75.0 79.75 14.0
75.0 82.0 19.0
75.0 84.25 17.0
75.0 86.5 18.0
75.0 88.75 25.0
75.0 91.0 25.0
75.0 93.25 26.0
75.0 95.5 26.0
75.0 97.75 25.0
75.0 100.0 17.0
80.0 10.0 703.0
80.0 12.25 563.0
80.0 14.5 455.0
80.0 16.75 370.0
80.0 19.0 357.0
80.0 21.25 273.0
80.0 23.5 253.0
80.0 25.75 203.0
80.0 28.0 199.0
80.0 30.25 165.0
80.0 32.5 159.0
80.0 34.75 116.0
80.0 37.0 123.0
80.0 39.25 107.0
80.0 41.5 85.0
80.0 43.75 80.0
80.0 46.0 76.0
80.0 48.25 96.0
80.0 50.5 62.0
80.0 52.75 57.0
80.0 55.0 45.0
80.0 57.25 54.0
80.0 59.5 42.0
80.0 61.75 48.0
80.0 64.0 38.0
80.0 66.25 25.0
80.0 68.5 25.0
80.0 70.75 18.0
80.0 73.0 18.0
80.0 75.25 10.0
80.0 77.5 10.0
80.0 79.75 10.0
80.0 82.0 16.0
80.0 84.25 15.0
80.0 86.5 14.0
80.0 88.75 21.0
80.0 91.0 22.0
80.0 93.25 21.0
80.0 95.5 23.0
80.0 97.75 18.0
80.0 100.0 13.0
85.0 10.0 721.0
85.0 12.25 586.0
85.0 14.5 491.0
85.0 16.75 397.0
85.0 19.0 372.0
85.0 21.25 316.0
85.0 23.5 269.0
85.0 25.75 236.0
85.0 28.0 225.0
85.0 30.25 173.0
85.0 32.5 159.0
85.0 34.75 131.0
85.0 37.0 135.0
85.0 39.25 132.0
85.0 41.5 103.0
85.0 43.75 97.0
85.0 46.0 81.0
85.0 48.25 103.0
85.0 50.5 67.0
85.0 52.75 60.0
85.0 55.0 63.0
85.0 57.25 60.0
85.0 59.5 53.0
85.0 61.75 54.0
85.0 64.0 43.0
85.0 66.25 34.0
85.0 68.5 33.0
85.0 70.75 23.0
85.0 73.0 24.0
85.0 75.25 22.0
85.0 77.5 17.0
85.0 79.75 18.0
85.0 82.0 15.0
85.0 84.25 11.0
85.0 86.5 17.0
85.0 88.75 12.0
85.0 91.0 13.0
85.0 93.25 19.0
85.0 95.5 11.0
85.0 97.75 17.0
85.0 100.0 9.0
90.0 10.0 776.0
90.0 12.25 641.0
90.0 14.5 542.0
90.0 16.75 419.0
90.0 19.0 399.0
90.0 21.25 317.0
90.0 23.5 301.0
90.0 25.75 238.0
90.0 28.0 244.0
90.0 30.25 193.0
90.0 32.5 184.0
90.0 34.75 143.0
90.0 37.0 155.0
90.0 39.25 128.0
90.0 41.5 99.0
90.0 43.75 103.0
90.0 46.0 93.0
90.0 48.25 97.0
90.0 50.5 79.0
90.0 52.75 71.0
90.0 55.0 63.0
90.0 57.25 57.0
90.0 59.5 53.0
90.0 61.75 58.0
90.0 64.0 46.0
90.0 66.25 31.0
90.0 68.5 36.0
90.0 70.75 24.0
90.0 73.0 26.0
90.0 75.25 30.0
90.0 77.5 21.0
90.0 79.75 19.0
90.0 82.0 19.0
90.0 84.25 13.0
90.0 86.5 15.0
90.0 88.75 13.0
90.0 91.0 11.0
90.0 93.25 10.0
90.0 95.5 9.0
90.0 97.75 11.0
90.0 100.0 7.0
95.0 10.0 790.0
95.0 12.25 646.0
95.0 14.5 545.0
95.0 16.75 424.0
95.0 19.0 376.0
95.0 21.25 303.0
95.0 23.5 283.0
95.0 25.75 224.0
95.0 28.0 221.0
95.0 30.25 172.0
95.0 32.5 170.0
95.0 34.75 133.0
95.0 37.0 147.0
95.0 39.25 125.0
95.0 41.5 113.0
95.0 43.75 105.0
95.0 46.0 94.0
95.0 48.25 108.0
95.0 50.5 76.0
95.0 52.75 73.0
95.0 55.0 66.0
95.0 57.25 66.0
95.0 59.5 51.0
95.0 61.75 53.0
95.0 64.0 53.0
95.0 66.25 39.0
95.0 68.5 36.0
95.0 70.75 15.0
95.0 73.0 28.0
95.0 75.25 26.0
95.0 77.5 20.0
95.0 79.75 15.0
95.0 82.0 23.0
95.0 84.25 17.0
95.0 86.5 11.0
95.0 88.75 11.0
95.0 91.0 9.0
95.0 93.25 15.0
95.0 95.5 12.0
95.0 97.75 6.0
95.0 100.0 7.0
100.0 10.0 812.0
100.0 12.25 673.0
100.0 14.5 545.0
100.0 16.75 447.0
100.0 19.0 423.0
100.0 21.25 360.0
100.0 23.5 318.0
100.0 25.75 257.0
100.0 28.0 246.0
100.0 30.25 201.0
100.0 32.5 193.0
100.0 34.75 152.0
100.0 37.0 148.0
100.0 39.25 149.0
100.0 41.5 117.0
100.0 43.75 122.0
100.0 46.0 103.0
100.0 48.25 114.0
100.0 50.5 86.0
100.0 52.75 84.0
100.0 55.0 74.0
100.0 57.25 71.0
100.0 59.5 60.0
100.0 61.75 60.0
100.0 64.0 54.0
100.0 66.25 35.0
100.0 68.5 38.0
100.0 70.75 37.0
100.0 73.0 35.0
100.0 75.25 31.0
100.0 77.5 24.0
100.0 79.75 21.0
100.0 82.0 23.0
100.0 84.25 21.0
100.0 86.5 22.0
100.0 88.75 11.0
100.0 91.0 14.0
100.0 93.25 11.0
100.0 95.5 15.0
100.0 97.75 19.0
100.0 100.0 7.0
