-100.0 10.0 1000.0
-100.0 12.25 838.0
-100.0 14.5 691.0
-100.0 16.75 602.0
-100.0 19.0 555.0
-100.0 21.25 483.0
-100.0 23.5 460.0
-100.0 25.75 412.0
-100.0 28.0 389.0
-100.0 30.25 362.0
-100.0 32.5 350.0
-100.0 34.75 331.0
-100.0 37.0 307.0
-100.0 39.25 318.0
-100.0 41.5 255.0
-100.0 43.75 262.0
-100.0 46.0 291.0
-100.0 48.25 264.0
-100.0 50.5 214.0
-100.0 52.75 203.0
-100.0 55.0 210.0
-100.0 57.25 217.0
-100.0 59.5 229.0
-100.0 61.75 211.0
-100.0 64.0 231.0
-100.0 66.25 165.0
-100.0 68.5 145.0
-100.0 70.75 157.0
-100.0 73.0 155.0
-100.0 75.25 167.0
-100.0 77.5 161.0
-100.0 79.75 153.0
-100.0 82.0 167.0
-100.0 84.25 177.0
-100.0 86.5 168.0
-100.0 88.75 173.0
-100.0 91.0 172.0
-100.0 93.25 168.0
-100.0 95.5 192.0
-100.0 97.75 166.0
-100.0 100.0 87.0
-95.0 10.0 964.0
-95.0 12.25 831.0
-95.0 14.5 658.0
-95.0 16.75 579.0
-95.0 19.0 509.0
-95.0 21.25 492.0
-95.0 23.5 435.0
-95.0 25.75 409.0
-95.0 28.0 411.0
-95.0 30.25 370.0
-95.0 32.5 365.0
-95.0 34.75 317.0
-95.0 37.0 313.0
-95.0 39.25 329.0
-95.0 41.5 243.0
-95.0 43.75 273.0
-95.0 46.0 264.0
-95.0 48.25 252.0
-95.0 50.5 209.0
-95.0 52.75 195.0
-95.0 55.0 208.0
-95.0 57.25 190.0
-95.0 59.5 224.0
-95.0 61.75 240.0
-95.0 64.0 220.0
-95.0 66.25 152.0
-95.0 68.5 131.0
-95.0 70.75 150.0
-95.0 73.0 155.0
-95.0 75.25 159.0
-95.0 77.5 160.0
-95.0 79.75 163.0
-95.0 82.0 162.0
-95.0 84.25 169.0
-95.0 86.5 171.0
-95.0 88.75 173.0
-95.0 91.0 167.0
-95.0 93.25 170.0
-95.0 95.5 177.0
-95.0 97.75 172.0
-95.0 100.0 77.0
-90.0 10.0 957.0
-90.0 12.25 812.0
-90.0 14.5 655.0
-90.0 16.75 602.0
-90.0 19.0 526.0
-90.0 21.25 496.0
-90.0 23.5 450.0
-90.0 25.75 404.0
-90.0 28.0 410.0
-90.0 30.25 370.0
-90.0 32.5 361.0
-90.0 34.75 299.0
-90.0 37.0 311.0
-90.0 39.25 332.0
-90.0 41.5 260.0
-90.0 43.75 264.0
-90.0 46.0 271.0
-90.0 48.25 260.0
-90.0 50.5 201.0
-90.0 52.75 202.0
-90.0 55.0 203.0
-90.0 57.25 209.0
-90.0 59.5 216.0
-90.0 61.75 228.0
-90.0 64.0 213.0
-90.0 66.25 145.0
-90.0 68.5 152.0
-90.0 70.75 148.0
-90.0 73.0 152.0
-90.0 75.25 162.0
-90.0 77.5 159.0
-90.0 79.75 169.0
-90.0 82.0 170.0
-90.0 84.25 176.0
-90.0 86.5 172.0
-90.0 88.75 181.0
-90.0 91.0 180.0
-90.0 93.25 171.0
-90.0 95.5 173.0
-90.0 97.75 164.0
-90.0 100.0 89.0
-85.0 10.0 935.0
-85.0 12.25 753.0
-85.0 14.5 638.0
-85.0 16.75 582.0
-85.0 19.0 496.0
-85.0 21.25 473.0
-85.0 23.5 419.0
-85.0 25.75 380.0
-85.0 28.0 366.0
-85.0 30.25 344.0
-85.0 32.5 352.0
-85.0 34.75 301.0
-85.0 37.0 302.0
-85.0 39.25 313.0
-85.0 41.5 241.0
-85.0 43.75 256.0
-85.0 46.0 246.0
-85.0 48.25 265.0
-85.0 50.5 194.0
-85.0 52.75 194.0
-85.0 55.0 190.0
-85.0 57.25 205.0
-85.0 59.5 194.0
-85.0 61.75 218.0
-85.0 64.0 220.0
-85.0 66.25 143.0
-85.0 68.5 155.0
-85.0 70.75 146.0
-85.0 73.0 145.0
-85.0 75.25 145.0
-85.0 77.5 163.0
-85.0 79.75 151.0
-85.0 82.0 163.0
-85.0 84.25 164.0
-85.0 86.5 158.0
-85.0 88.75 162.0
-85.0 91.0 166.0
-85.0 93.25 159.0
-85.0 95.5 179.0
-85.0 97.75 161.0
-85.0 100.0 87.0
-80.0 10.0 878.0
-80.0 12.25 699.0
-80.0 14.5 599.0
-80.0 16.75 541.0
-80.0 19.0 485.0
-80.0 21.25 471.0
-80.0 23.5 408.0
-80.0 25.75 368.0
-80.0 28.0 353.0
-80.0 30.25 341.0
-80.0 32.5 343.0
-80.0 34.75 293.0
-80.0 37.0 278.0
-80.0 39.25 301.0
-80.0 41.5 243.0
-80.0 43.75 241.0
-80.0 46.0 234.0
-80.0 48.25 258.0
-80.0 50.5 193.0
-80.0 52.75 185.0
-80.0 55.0 190.0
-80.0 57.25 203.0
-80.0 59.5 206.0
-80.0 61.75 216.0
-80.0 64.0 212.0
-80.0 66.25 124.0
-80.0 68.5 148.0
-80.0 70.75 134.0
-80.0 73.0 146.0
-80.0 75.25 141.0
-80.0 77.5 146.0
-80.0 79.75 152.0
-80.0 82.0 165.0
-80.0 84.25 158.0
-80.0 86.5 153.0
-80.0 88.75 166.0
-80.0 91.0 160.0
-80.0 93.25 161.0
-80.0 95.5 152.0
-80.0 97.75 159.0
-80.0 100.0 81.0
-75.0 10.0 820.0
-75.0 12.25 687.0
-75.0 14.5 572.0
-75.0 16.75 490.0
-75.0 19.0 453.0
-75.0 21.25 442.0
-75.0 23.5 391.0
-75.0 25.75 340.0
-75.0 28.0 352.0
-75.0 30.25 314.0
-75.0 32.5 315.0
-75.0 34.75 269.0
-75.0 37.0 260.0
-75.0 39.25 280.0
-75.0 41.5 246.0
-75.0 43.75 223.0
-75.0 46.0 243.0
-75.0 48.25 234.0
-75.0 50.5 181.0
-75.0 52.75 188.0
-75.0 55.0 182.0
-75.0 57.25 209.0
-75.0 59.5 215.0
-75.0 61.75 191.0
-75.0 64.0 213.0
-75.0 66.25 145.0
-75.0 68.5 149.0
-75.0 70.75 136.0
-75.0 73.0 137.0
-75.0 75.25 147.0
-75.0 77.5 148.0
-75.0 79.75 148.0
-75.0 82.0 139.0
-75.0 84.25 136.0
-75.0 86.5 148.0
-75.0 88.75 159.0
-75.0 91.0 148.0
-75.0 93.25 158.0
-75.0 95.5 161.0
-75.0 97.75 156.0
-75.0 100.0 82.0
-70.0 10.0 797.0
-70.0 12.25 640.0
-70.0 14.5 531.0
-70.0 16.75 467.0
-70.0 19.0 427.0
-70.0 21.25 411.0
-70.0 23.5 377.0
-70.0 25.75 339.0
-70.0 28.0 325.0
-70.0 30.25 317.0
-70.0 32.5 318.0
-70.0 34.75 262.0
-70.0 37.0 259.0
-70.0 39.25 265.0
-70.0 41.5 227.0
-70.0 43.75 218.0
-70.0 46.0 250.0
-70.0 48.25 222.0
-70.0 50.5 176.0
-70.0 52.75 170.0
-70.0 55.0 175.0
-70.0 57.25 180.0
-70.0 59.5 187.0
-70.0 61.75 198.0
-70.0 64.0 208.0
-70.0 66.25 132.0
-70.0 68.5 124.0
-70.0 70.75 135.0
-70.0 73.0 129.0
-70.0 75.25 137.0
-70.0 77.5 143.0
-70.0 79.75 142.0
-70.0 82.0 144.0
-70.0 84.25 161.0
-70.0 86.5 143.0
-70.0 88.75 165.0
-70.0 91.0 142.0
-70.0 93.25 172.0
-70.0 95.5 134.0
-70.0 97.75 152.0
-70.0 100.0 80.0
-65.0 10.0 737.0
-65.0 12.25 615.0
-65.0 14.5 504.0
-65.0 16.75 443.0
-65.0 19.0 404.0
-65.0 21.25 390.0
-65.0 23.5 356.0
-65.0 25.75 319.0
-65.0 28.0 310.0
-65.0 30.25 292.0
-65.0 32.5 259.0
-65.0 34.75 223.0
-65.0 37.0 257.0
-65.0 39.25 264.0
-65.0 41.5 202.0
-65.0 43.75 214.0
-65.0 46.0 215.0
-65.0 48.25 217.0
-65.0 50.5 177.0
-65.0 52.75 159.0
-65.0 55.0 167.0
-65.0 57.25 160.0
-65.0 59.5 182.0
-65.0 61.75 180.0
-65.0 64.0 187.0
-65.0 66.25 134.0
-65.0 68.5 124.0
-65.0 70.75 130.0
-65.0 73.0 133.0
-65.0 75.25 145.0
-65.0 77.5 141.0
-65.0 79.75 129.0
-65.0 82.0 138.0
-65.0 84.25 149.0
-65.0 86.5 140.0
-65.0 88.75 152.0
-65.0 91.0 143.0
-65.0 93.25 141.0
-65.0 95.5 161.0
-65.0 97.75 148.0
-65.0 100.0 76.0
-60.0 10.0 675.0
-60.0 12.25 584.0
-60.0 14.5 461.0
-60.0 16.75 412.0
-60.0 19.0 367.0
-60.0 21.25 365.0
-60.0 23.5 338.0
-60.0 25.75 319.0
-60.0 28.0 309.0
-60.0 30.25 292.0
-60.0 32.5 286.0
-60.0 34.75 231.0
-60.0 37.0 246.0
-60.0 39.25 259.0
-60.0 41.5 197.0
-60.0 43.75 216.0
-60.0 46.0 204.0
-60.0 48.25 212.0
-60.0 50.5 169.0
-60.0 52.75 160.0
-60.0 55.0 156.0
-60.0 57.25 162.0
-60.0 59.5 181.0
-60.0 61.75 170.0
-60.0 64.0 191.0
-60.0 66.25 118.0
-60.0 68.5 124.0
-60.0 70.75 136.0
-60.0 73.0 131.0
-60.0 75.25 126.0
-60.0 77.5 132.0
-60.0 79.75 142.0
-60.0 82.0 133.0
-60.0 84.25 139.0
-60.0 86.5 138.0
-60.0 88.75 137.0
-60.0 91.0 135.0
-60.0 93.25 143.0
-60.0 95.5 138.0
-60.0 97.75 142.0
-60.0 100.0 69.0
-55.0 10.0 604.0
-55.0 12.25 545.0
-55.0 14.5 448.0
-55.0 16.75 406.0
-55.0 19.0 369.0
-55.0 21.25 352.0
-55.0 23.5 306.0
-55.0 25.75 293.0
-55.0 28.0 287.0
-55.0 30.25 250.0
-55.0 32.5 256.0
-55.0 34.75 217.0
-55.0 37.0 242.0
-55.0 39.25 245.0
-55.0 41.5 198.0
-55.0 43.75 176.0
-55.0 46.0 203.0
-55.0 48.25 198.0
-55.0 50.5 158.0
-55.0 52.75 155.0
-55.0 55.0 171.0
-55.0 57.25 151.0
-55.0 59.5 164.0
-55.0 61.75 164.0
-55.0 64.0 181.0
-55.0 66.25 104.0
-55.0 68.5 117.0
-55.0 70.75 126.0
-55.0 73.0 124.0
-55.0 75.25 123.0
-55.0 77.5 124.0
-55.0 79.75 131.0
-55.0 82.0 129.0
-55.0 84.25 147.0
-55.0 86.5 137.0
-55.0 88.75 142.0
-55.0 91.0 152.0
-55.0 93.25 146.0
-55.0 95.5 146.0
-55.0 97.75 136.0
-55.0 100.0 68.0
-50.0 10.0 596.0
-50.0 12.25 494.0
-50.0 14.5 395.0
-50.0 16.75 375.0
-50.0 19.0 332.0
-50.0 21.25 333.0
-50.0 23.5 284.0
-50.0 25.75 274.0
-50.0 28.0 265.0
-50.0 30.25 240.0
-50.0 32.5 260.0
-50.0 34.75 223.0
-50.0 37.0 208.0
-50.0 39.25 237.0
-50.0 41.5 172.0
-50.0 43.75 180.0
-50.0 46.0 187.0
-50.0 48.25 167.0
-50.0 50.5 143.0
-50.0 52.75 136.0
-50.0 55.0 148.0
-50.0 57.25 144.0
-50.0 59.5 148.0
-50.0 61.75 159.0
-50.0 64.0 164.0
-50.0 66.25 105.0
-50.0 68.5 113.0
-50.0 70.75 106.0
-50.0 73.0 106.0
-50.0 75.25 124.0
-50.0 77.5 116.0
-50.0 79.75 131.0
-50.0 82.0 106.0
-50.0 84.25 131.0
-50.0 86.5 133.0
-50.0 88.75 133.0
-50.0 91.0 127.0
-50.0 93.25 128.0
-50.0 95.5 135.0
-50.0 97.75 133.0
-50.0 100.0 64.0
-45.0 10.0 593.0
-45.0 12.25 471.0
-45.0 14.5 414.0
-45.0 16.75 371.0
-45.0 19.0 347.0
-45.0 21.25 322.0
-45.0 23.5 296.0
-45.0 25.75 260.0
-45.0 28.0 273.0
-45.0 30.25 248.0
-45.0 32.5 252.0
-45.0 34.75 211.0
-45.0 37.0 221.0
-45.0 39.25 222.0
-45.0 41.5 178.0
-45.0 43.75 167.0
-45.0 46.0 205.0
-45.0 48.25 179.0
-45.0 50.5 143.0
-45.0 52.75 153.0
-45.0 55.0 159.0
-45.0 57.25 162.0
-45.0 59.5 164.0
-45.0 61.75 142.0
-45.0 64.0 164.0
-45.0 66.25 111.0
-45.0 68.5 101.0
-45.0 70.75 112.0
-45.0 73.0 112.0
-45.0 75.25 113.0
-45.0 77.5 127.0
-45.0 79.75 121.0
-45.0 82.0 129.0
-45.0 84.25 129.0
-45.0 86.5 125.0
-45.0 88.75 126.0
-45.0 91.0 140.0
-45.0 93.25 134.0
-45.0 95.5 140.0
-45.0 97.75 132.0
-45.0 100.0 66.0
-40.0 10.0 527.0
-40.0 12.25 463.0
-40.0 14.5 373.0
-40.0 16.75 350.0
-40.0 19.0 324.0
-40.0 21.25 292.0
-40.0 23.5 268.0
-40.0 25.75 264.0
-40.0 28.0 267.0
-40.0 30.25 226.0
-40.0 32.5 234.0
-40.0 34.75 203.0
-40.0 37.0 206.0
-40.0 39.25 219.0
-40.0 41.5 167.0
-40.0 43.75 163.0
-40.0 46.0 176.0
-40.0 48.25 177.0
-40.0 50.5 133.0
-40.0 52.75 136.0
-40.0 55.0 141.0
-40.0 57.25 128.0
-40.0 59.5 153.0
-40.0 61.75 152.0
-40.0 64.0 155.0
-40.0 66.25 111.0
-40.0 68.5 106.0
-40.0 70.75 108.0
-40.0 73.0 117.0
-40.0 75.25 122.0
-40.0 77.5 125.0
-40.0 79.75 117.0
-40.0 82.0 131.0
-40.0 84.25 123.0
-40.0 86.5 128.0
-40.0 88.75 122.0
-40.0 91.0 126.0
-40.0 93.25 130.0
-40.0 95.5 132.0
-40.0 97.75 122.0
-40.0 100.0 68.0
-35.0 10.0 507.0
-35.0 12.25 429.0
-35.0 14.5 332.0
-35.0 16.75 324.0
-35.0 19.0 284.0
-35.0 21.25 285.0
-35.0 23.5 263.0
-35.0 25.75 257.0
-35.0 28.0 238.0
-35.0 30.25 230.0
-35.0 32.5 222.0
-35.0 34.75 202.0
-35.0 37.0 204.0
-35.0 39.25 197.0
-35.0 41.5 157.0
-35.0 43.75 161.0
-35.0 46.0 178.0
-35.0 48.25 160.0
-35.0 50.5 127.0
-35.0 52.75 124.0
-35.0 55.0 126.0
-35.0 57.25 125.0
-35.0 59.5 137.0
-35.0 61.75 136.0
-35.0 64.0 162.0
-35.0 66.25 105.0
-35.0 68.5 108.0
-35.0 70.75 93.0
-35.0 73.0 105.0
-35.0 75.25 118.0
-35.0 77.5 106.0
-35.0 79.75 108.0
-35.0 82.0 110.0
-35.0 84.25 118.0
-35.0 86.5 115.0
-35.0 88.75 135.0
-35.0 91.0 121.0
-35.0 93.25 124.0
-35.0 95.5 135.0
-35.0 97.75 135.0
-35.0 100.0 54.0
-30.0 10.0 455.0
-30.0 12.25 398.0
-30.0 14.5 339.0
-30.0 16.75 308.0
-30.0 19.0 249.0
-30.0 21.25 266.0
-30.0 23.5 225.0
-30.0 25.75 218.0
-30.0 28.0 214.0
-30.0 30.25 206.0
-30.0 32.5 206.0
-30.0 34.75 180.0
-30.0 37.0 168.0
-30.0 39.25 187.0
-30.0 41.5 172.0
-30.0 43.75 144.0
-30.0 46.0 166.0
-30.0 48.25 157.0
-30.0 50.5 117.0
-30.0 52.75 132.0
-30.0 55.0 140.0
-30.0 57.25 128.0
-30.0 59.5 142.0
-30.0 61.75 141.0
-30.0 64.0 134.0
-30.0 66.25 93.0
-30.0 68.5 113.0
-30.0 70.75 89.0
-30.0 73.0 102.0
-30.0 75.25 95.0
-30.0 77.5 106.0
-30.0 79.75 110.0
-30.0 82.0 109.0
-30.0 84.25 114.0
-30.0 86.5 110.0
-30.0 88.75 115.0
-30.0 91.0 110.0
-30.0 93.25 124.0
-30.0 95.5 115.0
-30.0 97.75 115.0
-30.0 100.0 58.0
-25.0 10.0 434.0
-25.0 12.25 342.0
-25.0 14.5 277.0
-25.0 16.75 275.0
-25.0 19.0 241.0
-25.0 21.25 229.0
-25.0 23.5 203.0
-25.0 25.75 209.0
-25.0 28.0 190.0
-25.0 30.25 187.0
-25.0 32.5 200.0
-25.0 34.75 169.0
-25.0 37.0 156.0
-25.0 39.25 178.0
-25.0 41.5 150.0
-25.0 43.75 144.0
-25.0 46.0 161.0
-25.0 48.25 140.0
-25.0 50.5 113.0
-25.0 52.75 112.0
-25.0 55.0 121.0
-25.0 57.25 122.0
-25.0 59.5 137.0
-25.0 61.75 134.0
-25.0 64.0 130.0
-25.0 66.25 92.0
-25.0 68.5 85.0
-25.0 70.75 93.0
-25.0 73.0 95.0
-25.0 75.25 99.0
-25.0 77.5 104.0
-25.0 79.75 90.0
-25.0 82.0 114.0
-25.0 84.25 115.0
-25.0 86.5 109.0
-25.0 88.75 104.0
-25.0 91.0 113.0
-25.0 93.25 122.0
-25.0 95.5 114.0
-25.0 97.75 116.0
-25.0 100.0 53.0
-20.0 10.0 354.0
-20.0 12.25 333.0
-20.0 14.5 230.0
-20.0 16.75 223.0
-20.0 19.0 200.0
-20.0 21.25 194.0
-20.0 23.5 192.0
-20.0 25.75 182.0
-20.0 28.0 180.0
-20.0 30.25 171.0
-20.0 32.5 179.0
-20.0 34.75 147.0
-20.0 37.0 154.0
-20.0 39.25 176.0
-20.0 41.5 129.0
-20.0 43.75 137.0
-20.0 46.0 145.0
-20.0 48.25 144.0
-20.0 50.5 121.0
-20.0 52.75 98.0
-20.0 55.0 117.0
-20.0 57.25 112.0
-20.0 59.5 121.0
-20.0 61.75 120.0
-20.0 64.0 134.0
-20.0 66.25 88.0
-20.0 68.5 94.0
-20.0 70.75 96.0
-20.0 73.0 97.0
-20.0 75.25 98.0
-20.0 77.5 93.0
-20.0 79.75 97.0
-20.0 82.0 112.0
-20.0 84.25 119.0
-20.0 86.5 102.0
-20.0 88.75 100.0
-20.0 91.0 111.0
-20.0 93.25 116.0
-20.0 95.5 114.0
-20.0 97.75 108.0
-20.0 100.0 61.0
-15.0 10.0 301.0
-15.0 12.25 257.0
-15.0 14.5 213.0
-15.0 16.75 203.0
-15.0 19.0 180.0
-15.0 21.25 191.0
-15.0 23.5 172.0
-15.0 25.75 162.0
-15.0 28.0 183.0
-15.0 30.25 151.0
-15.0 32.5 176.0
-15.0 34.75 139.0
-15.0 37.0 146.0
-15.0 39.25 141.0
-15.0 41.5 116.0
-15.0 43.75 123.0
-15.0 46.0 122.0
-15.0 48.25 127.0
-15.0 50.5 100.0
-15.0 52.75 96.0
-15.0 55.0 123.0
-15.0 57.25 103.0
-15.0 59.5 116.0
-15.0 61.75 108.0
-15.0 64.0 121.0
-15.0 66.25 80.0
-15.0 68.5 74.0
-15.0 70.75 81.0
-15.0 73.0 87.0
-15.0 75.25 99.0
-15.0 77.5 105.0
-15.0 79.75 93.0
-15.0 82.0 99.0
-15.0 84.25 116.0
-15.0 86.5 103.0
-15.0 88.75 110.0
-15.0 91.0 99.0
-15.0 93.25 107.0
-15.0 95.5 105.0
-15.0 97.75 96.0
-15.0 100.0 51.0
-10.0 10.0 275.0
-10.0 12.25 209.0
-10.0 14.5 195.0
-10.0 16.75 193.0
-10.0 19.0 184.0
-10.0 21.25 181.0
-10.0 23.5 133.0
-10.0 25.75 148.0
-10.0 28.0 149.0
-10.0 30.25 146.0
-10.0 32.5 154.0
-10.0 34.75 126.0
-10.0 37.0 136.0
-10.0 39.25 139.0
-10.0 41.5 119.0
-10.0 43.75 114.0
-10.0 46.0 116.0
-10.0 48.25 124.0
-10.0 50.5 92.0
-10.0 52.75 97.0
-10.0 55.0 92.0
-10.0 57.25 98.0
-10.0 59.5 114.0
-10.0 61.75 109.0
-10.0 64.0 109.0
-10.0 66.25 67.0
-10.0 68.5 82.0
-10.0 70.75 85.0
-10.0 73.0 83.0
-10.0 75.25 78.0
-10.0 77.5 89.0
-10.0 79.75 93.0
-10.0 82.0 89.0
-10.0 84.25 97.0
-10.0 86.5 89.0
-10.0 88.75 105.0
-10.0 91.0 102.0
-10.0 93.25 113.0
-10.0 95.5 103.0
-10.0 97.75 103.0
-10.0 100.0 51.0
-5.0 10.0 222.0
-5.0 12.25 205.0
-5.0 14.5 163.0
-5.0 16.75 157.0
-5.0 19.0 141.0
-5.0 21.25 146.0
-5.0 23.5 130.0
-5.0 25.75 127.0
-5.0 28.0 130.0
-5.0 30.25 133.0
-5.0 32.5 132.0
-5.0 34.75 121.0
-5.0 37.0 125.0
-5.0 39.25 126.0
-5.0 41.5 110.0
-5.0 43.75 110.0
-5.0 46.0 106.0
-5.0 48.25 109.0
-5.0 50.5 86.0
-5.0 52.75 90.0
-5.0 55.0 94.0
-5.0 57.25 89.0
-5.0 59.5 103.0
-5.0 61.75 99.0
-5.0 64.0 87.0
-5.0 66.25 70.0
-5.0 68.5 67.0
-5.0 70.75 77.0
-5.0 73.0 72.0
-5.0 75.25 84.0
-5.0 77.5 81.0
-5.0 79.75 78.0
-5.0 82.0 84.0
-5.0 84.25 84.0
-5.0 86.5 91.0
-5.0 88.75 94.0
-5.0 91.0 90.0
-5.0 93.25 100.0
-5.0 95.5 102.0
-5.0 97.75 89.0
-5.0 100.0 54.0
0.0 10.0 199.0
0.0 12.25 149.0
0.0 14.5 123.0
0.0 16.75 138.0
0.0 19.0 123.0
0.0 21.25 124.0
0.0 23.5 113.0
0.0 25.75 120.0
0.0 28.0 122.0
0.0 30.25 105.0
0.0 32.5 108.0
0.0 34.75 108.0
0.0 37.0 103.0
0.0 39.25 120.0
0.0 41.5 104.0
0.0 43.75 91.0
0.0 46.0 100.0
0.0 48.25 91.0
0.0 50.5 86.0
0.0 52.75 75.0
0.0 55.0 84.0
0.0 57.25 92.0
0.0 59.5 97.0
0.0 61.75 89.0
0.0 64.0 100.0
0.0 66.25 66.0
0.0 68.5 68.0
0.0 70.75 70.0
0.0 73.0 75.0
0.0 75.25 85.0
0.0 77.5 89.0
0.0 79.75 77.0
0.0 82.0 89.0
0.0 84.25 91.0
0.0 86.5 69.0
0.0 88.75 93.0
0.0 91.0 100.0
0.0 93.25 90.0
0.0 95.5 99.0
0.0 97.75 89.0
0.0 100.0 51.0
5.0 10.0 135.0
5.0 12.25 143.0
5.0 14.5 123.0
5.0 16.75 134.0
5.0 19.0 120.0
5.0 21.25 127.0
5.0 23.5 113.0
5.0 25.75 99.0
5.0 28.0 114.0
5.0 30.25 101.0
5.0 32.5 111.0
5.0 34.75 93.0
5.0 37.0 106.0
5.0 39.25 118.0
5.0 41.5 89.0
5.0 43.75 98.0
5.0 46.0 103.0
5.0 48.25 96.0
5.0 50.5 69.0
5.0 52.75 83.0
5.0 55.0 87.0
5.0 57.25 91.0
5.0 59.5 82.0
5.0 61.75 80.0
5.0 64.0 97.0
5.0 66.25 62.0
5.0 68.5 69.0
5.0 70.75 76.0
5.0 73.0 81.0
5.0 75.25 73.0
5.0 77.5 79.0
5.0 79.75 71.0
5.0 82.0 81.0
5.0 84.25 90.0
5.0 86.5 75.0
5.0 88.75 74.0
5.0 91.0 80.0
5.0 93.25 84.0
5.0 95.5 92.0
5.0 97.75 84.0
5.0 100.0 48.0
10.0 10.0 85.0
10.0 12.25 117.0
10.0 14.5 89.0
10.0 16.75 108.0
10.0 19.0 101.0
10.0 21.25 114.0
10.0 23.5 101.0
10.0 25.75 95.0
10.0 28.0 93.0
10.0 30.25 86.0
10.0 32.5 105.0
10.0 34.75 94.0
10.0 37.0 92.0
10.0 39.25 97.0
10.0 41.5 82.0
10.0 43.75 96.0
10.0 46.0 88.0
10.0 48.25 89.0
10.0 50.5 76.0
10.0 52.75 69.0
10.0 55.0 68.0
10.0 57.25 76.0
10.0 59.5 84.0
10.0 61.75 80.0
10.0 64.0 78.0
10.0 66.25 56.0
10.0 68.5 57.0
10.0 70.75 65.0
10.0 73.0 63.0
10.0 75.25 60.0
10.0 77.5 71.0
10.0 79.75 68.0
10.0 82.0 70.0
10.0 84.25 85.0
10.0 86.5 78.0
10.0 88.75 75.0
10.0 91.0 76.0
10.0 93.25 78.0
10.0 95.5 81.0
10.0 97.75 81.0
10.0 100.0 46.0
15.0 10.0 140.0
15.0 12.25 101.0
15.0 14.5 99.0
15.0 16.75 78.0
15.0 19.0 75.0
15.0 21.25 87.0
15.0 23.5 81.0
15.0 25.75 66.0
15.0 28.0 83.0
15.0 30.25 72.0
15.0 32.5 81.0
15.0 34.75 66.0
15.0 37.0 87.0
15.0 39.25 88.0
15.0 41.5 85.0
15.0 43.75 74.0
15.0 46.0 77.0
15.0 48.25 81.0
15.0 50.5 62.0
15.0 52.75 63.0
15.0 55.0 64.0
15.0 57.25 67.0
15.0 59.5 68.0
15.0 61.75 79.0
15.0 64.0 79.0
15.0 66.25 53.0
15.0 68.5 58.0
15.0 70.75 60.0
15.0 73.0 59.0
15.0 75.25 68.0
15.0 77.5 61.0
15.0 79.75 63.0
15.0 82.0 73.0
15.0 84.25 71.0
15.0 86.5 75.0
15.0 88.75 70.0
15.0 91.0 74.0
15.0 93.25 71.0
15.0 95.5 75.0
15.0 97.75 82.0
15.0 100.0 44.0
20.0 10.0 189.0
20.0 12.25 145.0
20.0 14.5 124.0
20.0 16.75 83.0
20.0 19.0 71.0
20.0 21.25 64.0
20.0 23.5 55.0
20.0 25.75 48.0
20.0 28.0 60.0
20.0 30.25 61.0
20.0 32.5 68.0
20.0 34.75 66.0
20.0 37.0 64.0
20.0 39.25 71.0
20.0 41.5 64.0
20.0 43.75 70.0
20.0 46.0 70.0
20.0 48.25 75.0
20.0 50.5 60.0
20.0 52.75 58.0
20.0 55.0 57.0
20.0 57.25 65.0
20.0 59.5 70.0
20.0 61.75 69.0
20.0 64.0 76.0
20.0 66.25 49.0
20.0 68.5 46.0
20.0 70.75 50.0
20.0 73.0 59.0
20.0 75.25 64.0
20.0 77.5 65.0
20.0 79.75 57.0
20.0 82.0 57.0
20.0 84.25 65.0
20.0 86.5 62.0
20.0 88.75 70.0
20.0 91.0 70.0
20.0 93.25 67.0
20.0 95.5 77.0
20.0 97.75 73.0
20.0 100.0 37.0
25.0 10.0 234.0
25.0 12.25 206.0
25.0 14.5 153.0
25.0 16.75 112.0
25.0 19.0 86.0
25.0 21.25 68.0
25.0 23.5 54.0
25.0 25.75 46.0
25.0 28.0 53.0
25.0 30.25 44.0
25.0 32.5 52.0
25.0 34.75 49.0
25.0 37.0 62.0
25.0 39.25 66.0
25.0 41.5 64.0
25.0 43.75 48.0
25.0 46.0 51.0
25.0 48.25 59.0
25.0 50.5 42.0
25.0 52.75 52.0
25.0 55.0 52.0
25.0 57.25 63.0
25.0 59.5 64.0
25.0 61.75 63.0
25.0 64.0 70.0
25.0 66.25 39.0
25.0 68.5 50.0
25.0 70.75 51.0
25.0 73.0 53.0
25.0 75.25 60.0
25.0 77.5 48.0
25.0 79.75 60.0
25.0 82.0 55.0
25.0 84.25 67.0
25.0 86.5 66.0
25.0 88.75 69.0
25.0 91.0 70.0
25.0 93.25 74.0
25.0 95.5 58.0
25.0 97.75 63.0
25.0 100.0 37.0
30.0 10.0 269.0
30.0 12.25 222.0
30.0 14.5 168.0
30.0 16.75 128.0
30.0 19.0 133.0
30.0 21.25 85.0
30.0 23.5 77.0
30.0 25.75 50.0
30.0 28.0 50.0
30.0 30.25 36.0
30.0 32.5 42.0
30.0 34.75 38.0
30.0 37.0 50.0
30.0 39.25 48.0
30.0 41.5 49.0
30.0 43.75 48.0
30.0 46.0 49.0
30.0 48.25 44.0
30.0 50.5 34.0
30.0 52.75 40.0
30.0 55.0 50.0
30.0 57.25 54.0
30.0 59.5 51.0
30.0 61.75 48.0
30.0 64.0 60.0
30.0 66.25 41.0
30.0 68.5 43.0
30.0 70.75 37.0
30.0 73.0 51.0
30.0 75.25 50.0
30.0 77.5 53.0
30.0 79.75 49.0
30.0 82.0 50.0
30.0 84.25 59.0
30.0 86.5 54.0
30.0 88.75 58.0
30.0 91.0 63.0
30.0 93.25 68.0
30.0 95.5 59.0
30.0 97.75 67.0
30.0 100.0 27.0
35.0 10.0 315.0
35.0 12.25 277.0
35.0 14.5 236.0
35.0 16.75 152.0
35.0 19.0 141.0
35.0 21.25 110.0
35.0 23.5 100.0
35.0 25.75 65.0
35.0 28.0 69.0
35.0 30.25 44.0
35.0 32.5 42.0
35.0 34.75 30.0
35.0 37.0 30.0
35.0 39.25 35.0
35.0 41.5 41.0
35.0 43.75 33.0
35.0 46.0 38.0
35.0 48.25 44.0
35.0 50.5 38.0
35.0 52.75 43.0
35.0 55.0 41.0
35.0 57.25 56.0
35.0 59.5 45.0
35.0 61.75 51.0
35.0 64.0 47.0
35.0 66.25 34.0
35.0 68.5 38.0
35.0 70.75 39.0
35.0 73.0 41.0
35.0 75.25 45.0
35.0 77.5 51.0
35.0 79.75 44.0
35.0 82.0 44.0
35.0 84.25 54.0
35.0 86.5 54.0
35.0 88.75 57.0
35.0 91.0 59.0
35.0 93.25 65.0
35.0 95.5 61.0
35.0 97.75 55.0
35.0 100.0 31.0
40.0 10.0 353.0
40.0 12.25 319.0
40.0 14.5 262.0
40.0 16.75 190.0
40.0 19.0 179.0
40.0 21.25 132.0
40.0 23.5 104.0
40.0 25.75 78.0
40.0 28.0 85.0
40.0 30.25 52.0
40.0 32.5 69.0
40.0 34.75 34.0
40.0 37.0 41.0
40.0 39.25 35.0
40.0 41.5 34.0
40.0 43.75 26.0
40.0 46.0 33.0
40.0 48.25 44.0
40.0 50.5 33.0
40.0 52.75 38.0
40.0 55.0 41.0
40.0 57.25 44.0
40.0 59.5 42.0
40.0 61.75 42.0
40.0 64.0 42.0
40.0 66.25 30.0
40.0 68.5 36.0
40.0 70.75 32.0
40.0 73.0 41.0
40.0 75.25 38.0
40.0 77.5 45.0
40.0 79.75 44.0
40.0 82.0 38.0
40.0 84.25 44.0
40.0 86.5 47.0
40.0 88.75 50.0
40.0 91.0 59.0
40.0 93.25 56.0
40.0 95.5 53.0
40.0 97.75 51.0
40.0 100.0 27.0
45.0 10.0 418.0
45.0 12.25 325.0
45.0 14.5 280.0
45.0 16.75 218.0
45.0 19.0 199.0
45.0 21.25 161.0
45.0 23.5 125.0
45.0 25.75 95.0
45.0 28.0 97.0
45.0 30.25 67.0
45.0 32.5 70.0
45.0 34.75 52.0
45.0 37.0 48.0
45.0 39.25 39.0
45.0 41.5 30.0
45.0 43.75 29.0
45.0 46.0 20.0
45.0 48.25 31.0
45.0 50.5 22.0
45.0 52.75 30.0
45.0 55.0 21.0
45.0 57.25 31.0
45.0 59.5 37.0
45.0 61.75 40.0
45.0 64.0 36.0
45.0 66.25 25.0
45.0 68.5 28.0
45.0 70.75 27.0
45.0 73.0 29.0
45.0 75.25 29.0
45.0 77.5 35.0
45.0 79.75 35.0
45.0 82.0 36.0
45.0 84.25 44.0
45.0 86.5 42.0
45.0 88.75 47.0
45.0 91.0 48.0
45.0 93.25 45.0
45.0 95.5 46.0
45.0 97.75 53.0
45.0 100.0 27.0
50.0 10.0 439.0
50.0 12.25 355.0
50.0 14.5 269.0
50.0 16.75 212.0
50.0 19.0 186.0
50.0 21.25 154.0
50.0 23.5 139.0
50.0 25.75 97.0
50.0 28.0 100.0
50.0 30.25 73.0
50.0 32.5 88.0
50.0 34.75 60.0
50.0 37.0 65.0
50.0 39.25 47.0
50.0 41.5 41.0
50.0 43.75 39.0
50.0 46.0 33.0
50.0 48.25 26.0
50.0 50.5 22.0
50.0 52.75 17.0
50.0 55.0 24.0
50.0 57.25 30.0
50.0 59.5 33.0
50.0 61.75 30.0
50.0 64.0 37.0
50.0 66.25 24.0
50.0 68.5 27.0
50.0 70.75 26.0
50.0 73.0 33.0
50.0 75.25 38.0
50.0 77.5 47.0
50.0 79.75 40.0
50.0 82.0 37.0
50.0 84.25 50.0
50.0 86.5 46.0
50.0 88.75 50.0
50.0 91.0 42.0
50.0 93.25 44.0
50.0 95.5 52.0
50.0 97.75 41.0
50.0 100.0 30.0
55.0 10.0 463.0
55.0 12.25 379.0
55.0 14.5 318.0
55.0 16.75 237.0
55.0 19.0 218.0
55.0 21.25 170.0
55.0 23.5 155.0
55.0 25.75 99.0
55.0 28.0 128.0
55.0 30.25 90.0
55.0 32.5 103.0
55.0 34.75 79.0
55.0 37.0 78.0
55.0 39.25 60.0
55.0 41.5 52.0
55.0 43.75 53.0
55.0 46.0 42.0
55.0 48.25 33.0
55.0 50.5 19.0
55.0 52.75 23.0
55.0 55.0 7.0
55.0 57.25 23.0
55.0 59.5 20.0
55.0 61.75 18.0
55.0 64.0 30.0
55.0 66.25 17.0
55.0 68.5 25.0
55.0 70.75 22.0
55.0 73.0 19.0
55.0 75.25 34.0
55.0 77.5 33.0
55.0 79.75 33.0
55.0 82.0 30.0
55.0 84.25 46.0
55.0 86.5 36.0
55.0 88.75 42.0
55.0 91.0 45.0
55.0 93.25 43.0
55.0 95.5 41.0
55.0 97.75 37.0
55.0 100.0 30.0
60.0 10.0 517.0
60.0 12.25 440.0
60.0 14.5 344.0
60.0 16.75 283.0
60.0 19.0 234.0
60.0 21.25 193.0
60.0 23.5 168.0
60.0 25.75 131.0
60.0 28.0 132.0
60.0 30.25 113.0
60.0 32.5 104.0
60.0 34.75 82.0
60.0 37.0 85.0
60.0 39.25 71.0
60.0 41.5 63.0
60.0 43.75 60.0
60.0 46.0 44.0
60.0 48.25 39.0
60.0 50.5 25.0
60.0 52.75 25.0
60.0 55.0 24.0
60.0 57.25 26.0
60.0 59.5 26.0
60.0 61.75 25.0
60.0 64.0 24.0
60.0 66.25 24.0
60.0 68.5 20.0
60.0 70.75 16.0
60.0 73.0 21.0
60.0 75.25 17.0
60.0 77.5 29.0
60.0 79.75 28.0
60.0 82.0 30.0
60.0 84.25 37.0
60.0 86.5 34.0
60.0 88.75 36.0
60.0 91.0 38.0
60.0 93.25 41.0
60.0 95.5 37.0
60.0 97.75 35.0
60.0 100.0 19.0
65.0 10.0 563.0
65.0 12.25 467.0
65.0 14.5 376.0
65.0 16.75 296.0
65.0 19.0 272.0
65.0 21.25 221.0
65.0 23.5 186.0
65.0 25.75 150.0
65.0 28.0 144.0
65.0 30.25 120.0
65.0 32.5 114.0
65.0 34.75 90.0
65.0 37.0 85.0
65.0 39.25 76.0
65.0 41.5 47.0
65.0 43.75 62.0
65.0 46.0 56.0
65.0 48.25 53.0
65.0 50.5 30.0
65.0 52.75 35.0
65.0 55.0 28.0
65.0 57.25 28.0
65.0 59.5 22.0
65.0 61.75 21.0
65.0 64.0 19.0
65.0 66.25 15.0
65.0 68.5 14.0
65.0 70.75 17.0
65.0 73.0 16.0
65.0 75.25 22.0
65.0 77.5 28.0
65.0 79.75 21.0
65.0 82.0 24.0
65.0 84.25 28.0
65.0 86.5 22.0
65.0 88.75 33.0
65.0 91.0 36.0
65.0 93.25 29.0
65.0 95.5 34.0
65.0 97.75 25.0
65.0 100.0 21.0
70.0 10.0 623.0
70.0 12.25 476.0
70.0 14.5 421.0
70.0 16.75 307.0
70.0 19.0 297.0
70.0 21.25 239.0
70.0 23.5 211.0
70.0 25.75 164.0
70.0 28.0 168.0
70.0 30.25 146.0
70.0 32.5 141.0
70.0 34.75 101.0
70.0 37.0 92.0
70.0 39.25 86.0
70.0 41.5 68.0
70.0 43.75 66.0
70.0 46.0 60.0
70.0 48.25 56.0
70.0 50.5 41.0
70.0 52.75 41.0
70.0 55.0 44.0
70.0 57.25 39.0
70.0 59.5 33.0
70.0 61.75 33.0
70.0 64.0 20.0
70.0 66.25 16.0
70.0 68.5 12.0
70.0 70.75 8.0
70.0 73.0 14.0
70.0 75.25 12.0
70.0 77.5 20.0
70.0 79.75 18.0
70.0 82.0 17.0
70.0 84.25 30.0
70.0 86.5 23.0
70.0 88.75 32.0
70.0 91.0 32.0
70.0 93.25 25.0
70.0 95.5 22.0
70.0 97.75 28.0
70.0 100.0 17.0
75.0 10.0 613.0
75.0 12.25 539.0
75.0 14.5 452.0
75.0 16.75 344.0
75.0 19.0 317.0
75.0 21.25 271.0
75.0 23.5 199.0
75.0 25.75 188.0
75.0 28.0 198.0
75.0 30.25 147.0
75.0 32.5 150.0
75.0 34.75 100.0
75.0 37.0 102.0
75.0 39.25 96.0
75.0 41.5 77.0
75.0 43.75 72.0
75.0 46.0 61.0
75.0 48.25 70.0
75.0 50.5 48.0
75.0 52.75 48.0
75.0 55.0 36.0
75.0 57.25 38.0
75.0 59.5 35.0
75.0 61.75 29.0
75.0 64.0 31.0
75.0 66.25 20.0
75.0 68.5 19.0
75.0 70.75 15.0
75.0 73.0 18.0
75.0 75.25 7.0
75.0 77.5 15.0
75.0 79.75 13.0
75.0 82.0 19.0
75.0 84.25 22.0
75.0 86.5 16.0
75.0 88.75 22.0
75.0 91.0 23.0
75.0 93.25 23.0
75.0 95.5 25.0
75.0 97.75 26.0
75.0 100.0 17.0
80.0 10.0 685.0
80.0 12.25 583.0
80.0 14.5 460.0
80.0 16.75 371.0
80.0 19.0 314.0
80.0 21.25 271.0
80.0 23.5 255.0
80.0 25.75 193.0
80.0 28.0 213.0
80.0 30.25 159.0
80.0 32.5 162.0
80.0 34.75 124.0
80.0 37.0 112.0
80.0 39.25 117.0
80.0 41.5 100.0
80.0 43.75 88.0
80.0 46.0 82.0
80.0 48.25 83.0
80.0 50.5 58.0
80.0 52.75 53.0
80.0 55.0 51.0
80.0 57.25 56.0
80.0 59.5 40.0
80.0 61.75 36.0
80.0 64.0 37.0
80.0 66.25 22.0
80.0 68.5 31.0
80.0 70.75 17.0
80.0 73.0 24.0
80.0 75.25 18.0
80.0 77.5 14.0
80.0 79.75 10.0
80.0 82.0 18.0
80.0 84.25 14.0
80.0 86.5 12.0
80.0 88.75 16.0
80.0 91.0 18.0
80.0 93.25 14.0
80.0 95.5 18.0
80.0 97.75 22.0
80.0 100.0 13.0
85.0 10.0 703.0
85.0 12.25 616.0
85.0 14.5 496.0
85.0 16.75 399.0
85.0 19.0 359.0
85.0 21.25 307.0
85.0 23.5 275.0
85.0 25.75 220.0
85.0 28.0 220.0
85.0 30.25 186.0
85.0 32.5 176.0
85.0 34.75 127.0
85.0 37.0 148.0
85.0 39.25 127.0
85.0 41.5 105.0
85.0 43.75 103.0
85.0 46.0 94.0
85.0 48.25 94.0
85.0 50.5 61.0
85.0 52.75 72.0
85.0 55.0 64.0
85.0 57.25 59.0
85.0 59.5 49.0
85.0 61.75 50.0
85.0 64.0 40.0
85.0 66.25 33.0
85.0 68.5 27.0
85.0 70.75 27.0
85.0 73.0 23.0
85.0 75.25 16.0
85.0 77.5 19.0
85.0 79.75 17.0
85.0 82.0 15.0
85.0 84.25 12.0
85.0 86.5 11.0
85.0 88.75 13.0
85.0 91.0 11.0
85.0 93.25 13.0
85.0 95.5 14.0
85.0 97.75 12.0
85.0 100.0 10.0
90.0 10.0 742.0
90.0 12.25 633.0
90.0 14.5 540.0
90.0 16.75 440.0
90.0 19.0 378.0
90.0 21.25 341.0
90.0 23.5 286.0
90.0 25.75 226.0
90.0 28.0 235.0
90.0 30.25 190.0
90.0 32.5 183.0
90.0 34.75 132.0
90.0 37.0 140.0
90.0 39.25 130.0
90.0 41.5 106.0
90.0 43.75 112.0
90.0 46.0 92.0
90.0 48.25 116.0
90.0 50.5 74.0
90.0 52.75 80.0
90.0 55.0 66.0
90.0 57.25 70.0
90.0 59.5 59.0
90.0 61.75 58.0
90.0 64.0 47.0
90.0 66.25 40.0
90.0 68.5 37.0
90.0 70.75 29.0
90.0 73.0 37.0
90.0 75.25 25.0
90.0 77.5 24.0
90.0 79.75 19.0
90.0 82.0 19.0
90.0 84.25 14.0
90.0 86.5 13.0
90.0 88.75 8.0
90.0 91.0 11.0
90.0 93.25 9.0
90.0 95.5 13.0
90.0 97.75 12.0
90.0 100.0 4.0
95.0 10.0 775.0
95.0 12.25 696.0
95.0 14.5 519.0
95.0 16.75 408.0
95.0 19.0 384.0
95.0 21.25 320.0
95.0 23.5 296.0
95.0 25.75 236.0
95.0 28.0 236.0
95.0 30.25 201.0
95.0 32.5 201.0
95.0 34.75 126.0
95.0 37.0 149.0
95.0 39.25 139.0
95.0 41.5 107.0
95.0 43.75 101.0
95.0 46.0 92.0
95.0 48.25 106.0
95.0 50.5 70.0
95.0 52.75 67.0
95.0 55.0 64.0
95.0 57.25 63.0
95.0 59.5 59.0
95.0 61.75 57.0
95.0 64.0 56.0
95.0 66.25 36.0
95.0 68.5 38.0
95.0 70.75 26.0
95.0 73.0 29.0
95.0 75.25 20.0
95.0 77.5 21.0
95.0 79.75 23.0
95.0 82.0 21.0
95.0 84.25 12.0
95.0 86.5 8.0
95.0 88.75 7.0
95.0 91.0 11.0
95.0 93.25 9.0
95.0 95.5 14.0
95.0 97.75 9.0
95.0 100.0 8.0
100.0 10.0 816.0
100.0 12.25 698.0
100.0 14.5 556.0
100.0 16.75 458.0
100.0 19.0 429.0
100.0 21.25 350.0
100.0 23.5 298.0
100.0 25.75 243.0
100.0 28.0 245.0
100.0 30.25 193.0
100.0 32.5 214.0
100.0 34.75 159.0
100.0 37.0 154.0
100.0 39.25 147.0
100.0 41.5 137.0
100.0 43.75 120.0
100.0 46.0 109.0
100.0 48.25 108.0
100.0 50.5 87.0
100.0 52.75 74.0
100.0 55.0 83.0
100.0 57.25 70.0
100.0 59.5 67.0
100.0 61.75 64.0
100.0 64.0 59.0
100.0 66.25 44.0
100.0 68.5 41.0
100.0 70.75 40.0
100.0 73.0 31.0
100.0 75.25 24.0
100.0 77.5 35.0
100.0 79.75 27.0
100.0 82.0 32.0
100.0 84.25 22.0
100.0 86.5 23.0
100.0 88.75 9.0
100.0 91.0 18.0
100.0 93.25 13.0
100.0 95.5 18.0
100.0 97.75 13.0
100.0 100.0 7.0
