-100.0 10.0 967.0
-100.0 12.25 835.0
-100.0 14.5 679.0
-100.0 16.75 611.0
-100.0 19.0 552.0
-100.0 21.25 511.0
-100.0 23.5 448.0
-100.0 25.75 414.0
-100.0 28.0 405.0
-100.0 30.25 370.0
-100.0 32.5 365.0
-100.0 34.75 305.0
-100.0 37.0 305.0
-100.0 39.25 332.0
-100.0 41.5 262.0
-100.0 43.75 257.0
-100.0 46.0 263.0
-100.0 48.25 274.0
-100.0 50.5 215.0
-100.0 52.75 229.0
-100.0 55.0 211.0
-100.0 57.25 209.0
-100.0 59.5 231.0
-100.0 61.75 220.0
-100.0 64.0 228.0
-100.0 66.25 175.0
-100.0 68.5 144.0
-100.0 70.75 150.0
-100.0 73.0 156.0
-100.0 75.25 152.0
-100.0 77.5 157.0
-100.0 79.75 154.0
-100.0 82.0 163.0
-100.0 84.25 173.0
-100.0 86.5 160.0
-100.0 88.75 177.0
-100.0 91.0 163.0
-100.0 93.25 177.0
-100.0 95.5 176.0
-100.0 97.75 174.0
-100.0 100.0 80.0
-95.0 10.0 957.0
-95.0 12.25 809.0
-95.0 14.5 662.0
-95.0 16.75 576.0
-95.0 19.0 532.0
-95.0 21.25 515.0
-95.0 23.5 446.0
-95.0 25.75 399.0
-95.0 28.0 408.0
-95.0 30.25 343.0
-95.0 32.5 352.0
-95.0 34.75 302.0
-95.0 37.0 297.0
-95.0 39.25 328.0
-95.0 41.5 244.0
-95.0 43.75 257.0
-95.0 46.0 263.0
-95.0 48.25 259.0
-95.0 50.5 196.0
-95.0 52.75 200.0
-95.0 55.0 199.0
-95.0 57.25 201.0
-95.0 59.5 211.0
-95.0 61.75 235.0
-95.0 64.0 231.0
-95.0 66.25 136.0
-95.0 68.5 147.0
-95.0 70.75 146.0
-95.0 73.0 145.0
-95.0 75.25 159.0
-95.0 77.5 160.0
-95.0 79.75 178.0
-95.0 82.0 165.0
-95.0 84.25 169.0
-95.0 86.5 160.0
-95.0 88.75 154.0
-95.0 91.0 177.0
-95.0 93.25 180.0
-95.0 95.5 172.0
-95.0 97.75 178.0
-95.0 100.0 95.0
-90.0 10.0 945.0
-90.0 12.25 800.0
-90.0 14.5 648.0
-90.0 16.75 578.0
-90.0 19.0 521.0
-90.0 21.25 467.0
-90.0 23.5 433.0
-90.0 25.75 425.0
-90.0 28.0 407.0
-90.0 30.25 368.0
-90.0 32.5 388.0
-90.0 34.75 306.0
-90.0 37.0 314.0
-90.0 39.25 324.0
-90.0 41.5 262.0
-90.0 43.75 253.0
-90.0 46.0 271.0
-90.0 48.25 252.0
-90.0 50.5 213.0
-90.0 52.75 192.0
-90.0 55.0 215.0
-90.0 57.25 214.0
-90.0 59.5 216.0
-90.0 61.75 206.0
-90.0 64.0 227.0
-90.0 66.25 146.0
-90.0 68.5 161.0
-90.0 70.75 155.0
-90.0 73.0 158.0
-90.0 75.25 163.0
-90.0 77.5 161.0
-90.0 79.75 147.0
-90.0 82.0 167.0
-90.0 84.25 171.0
-90.0 86.5 171.0
-90.0 88.75 159.0
-90.0 91.0 192.0
-90.0 93.25 166.0
-90.0 95.5 171.0
-90.0 97.75 180.0
-90.0 100.0 80.0
-85.0 10.0 885.0
-85.0 12.25 758.0
-85.0 14.5 619.0
-85.0 16.75 535.0
-85.0 19.0 484.0
-85.0 21.25 460.0
-85.0 23.5 419.0
-85.0 25.75 378.0
-85.0 28.0 385.0
-85.0 30.25 348.0
-85.0 32.5 349.0
-85.0 34.75 317.0
-85.0 37.0 309.0
-85.0 39.25 308.0
-85.0 41.5 242.0
-85.0 43.75 252.0
-85.0 46.0 256.0
-85.0 48.25 250.0
-85.0 50.5 200.0
-85.0 52.75 198.0
-85.0 55.0 188.0
-85.0 57.25 213.0
-85.0 59.5 213.0
-85.0 61.75 219.0
-85.0 64.0 217.0
-85.0 66.25 142.0
-85.0 68.5 150.0
-85.0 70.75 150.0
-85.0 73.0 148.0
-85.0 75.25 159.0
-85.0 77.5 161.0
-85.0 79.75 159.0
-85.0 82.0 153.0
-85.0 84.25 167.0
-85.0 86.5 151.0
-85.0 88.75 169.0
-85.0 91.0 152.0
-85.0 93.25 177.0
-85.0 95.5 168.0
-85.0 97.75 171.0
-85.0 100.0 82.0
-80.0 10.0 861.0
-80.0 12.25 714.0
-80.0 14.5 599.0
-80.0 16.75 513.0
-80.0 19.0 484.0
-80.0 21.25 439.0
-80.0 23.5 421.0
-80.0 25.75 373.0
-80.0 28.0 355.0
-80.0 30.25 345.0
-80.0 32.5 348.0
-80.0 34.75 287.0
-80.0 37.0 283.0
-80.0 39.25 306.0
-80.0 41.5 233.0
-80.0 43.75 243.0
-80.0 46.0 262.0
-80.0 48.25 249.0
-80.0 50.5 189.0
-80.0 52.75 184.0
-80.0 55.0 189.0
-80.0 57.25 196.0
-80.0 59.5 203.0
-80.0 61.75 195.0
-80.0 64.0 195.0
-80.0 66.25 128.0
-80.0 68.5 142.0
-80.0 70.75 138.0
-80.0 73.0 131.0
-80.0 75.25 150.0
-80.0 77.5 152.0
-80.0 79.75 157.0
-80.0 82.0 166.0
-80.0 84.25 150.0
-80.0 86.5 149.0
-80.0 88.75 160.0
-80.0 91.0 162.0
-80.0 93.25 167.0
-80.0 95.5 178.0
-80.0 97.75 154.0
-80.0 100.0 88.0
-75.0 10.0 838.0
-75.0 12.25 681.0
-75.0 14.5 577.0
-75.0 16.75 483.0
-75.0 19.0 436.0
-75.0 21.25 446.0
-75.0 23.5 404.0
-75.0 25.75 341.0
-75.0 28.0 319.0
-75.0 30.25 309.0
-75.0 32.5 330.0
-75.0 34.75 281.0
-75.0 37.0 280.0
-75.0 39.25 289.0
-75.0 41.5 229.0
-75.0 43.75 214.0
-75.0 46.0 244.0
-75.0 48.25 214.0
-75.0 50.5 199.0
-75.0 52.75 174.0
-75.0 55.0 175.0
-75.0 57.25 194.0
-75.0 59.5 190.0
-75.0 61.75 198.0
-75.0 64.0 214.0
-75.0 66.25 151.0
-75.0 68.5 135.0
-75.0 70.75 147.0
-75.0 73.0 143.0
-75.0 75.25 143.0
-75.0 77.5 149.0
-75.0 79.75 157.0
-75.0 82.0 149.0
-75.0 84.25 165.0
-75.0 86.5 147.0
-75.0 88.75 170.0
-75.0 91.0 153.0
-75.0 93.25 165.0
-75.0 95.5 151.0
-75.0 97.75 161.0
-75.0 100.0 80.0
-70.0 10.0 756.0
-70.0 12.25 624.0
-70.0 14.5 520.0
-70.0 16.75 469.0
-70.0 19.0 443.0
-70.0 21.25 423.0
-70.0 23.5 360.0
-70.0 25.75 343.0
-70.0 28.0 341.0
-70.0 30.25 307.0
-70.0 32.5 300.0
-70.0 34.75 250.0
-70.0 37.0 253.0
-70.0 39.25 268.0
-70.0 41.5 229.0
-70.0 43.75 221.0
-70.0 46.0 228.0
-70.0 48.25 226.0
-70.0 50.5 179.0
-70.0 52.75 179.0
-70.0 55.0 179.0
-70.0 57.25 176.0
-70.0 59.5 187.0
-70.0 61.75 193.0
-70.0 64.0 195.0
-70.0 66.25 117.0
-70.0 68.5 132.0
-70.0 70.75 139.0
-70.0 73.0 132.0
-70.0 75.25 136.0
-70.0 77.5 147.0
-70.0 79.75 145.0
-70.0 82.0 157.0
-70.0 84.25 156.0
-70.0 86.5 150.0
-70.0 88.75 147.0
-70.0 91.0 144.0
-70.0 93.25 148.0
-70.0 95.5 145.0
-70.0 97.75 142.0
-70.0 100.0 66.0
-65.0 10.0 739.0
-65.0 12.25 636.0
-65.0 14.5 472.0
-65.0 16.75 437.0
-65.0 19.0 406.0
-65.0 21.25 355.0
-65.0 23.5 354.0
-65.0 25.75 327.0
-65.0 28.0 324.0
-65.0 30.25 288.0
-65.0 32.5 302.0
-65.0 34.75 240.0
-65.0 37.0 264.0
-65.0 39.25 271.0
-65.0 41.5 209.0
-65.0 43.75 222.0
-65.0 46.0 213.0
-65.0 48.25 208.0
-65.0 50.5 175.0
-65.0 52.75 168.0
-65.0 55.0 171.0
-65.0 57.25 164.0
-65.0 59.5 192.0
-65.0 61.75 189.0
-65.0 64.0 174.0
-65.0 66.25 120.0
-65.0 68.5 120.0
-65.0 70.75 133.0
-65.0 73.0 133.0
-65.0 75.25 128.0
-65.0 77.5 126.0
-65.0 79.75 126.0
-65.0 82.0 136.0
-65.0 84.25 143.0
-65.0 86.5 151.0
-65.0 88.75 141.0
-65.0 91.0 162.0
-65.0 93.25 153.0
-65.0 95.5 150.0
-65.0 97.75 138.0
-65.0 100.0 75.0
-60.0 10.0 689.0
-60.0 12.25 598.0
-60.0 14.5 472.0
-60.0 16.75 442.0
-60.0 19.0 391.0
-60.0 21.25 363.0
-60.0 23.5 327.0
-60.0 25.75 316.0
-60.0 28.0 322.0
-60.0 30.25 260.0
-60.0 32.5 268.0
-60.0 34.75 245.0
-60.0 37.0 240.0
-60.0 39.25 264.0
-60.0 41.5 190.0
-60.0 43.75 193.0
-60.0 46.0 225.0
-60.0 48.25 201.0
-60.0 50.5 165.0
-60.0 52.75 150.0
-60.0 55.0 166.0
-60.0 57.25 172.0
-60.0 59.5 175.0
-60.0 61.75 163.0
-60.0 64.0 181.0
-60.0 66.25 127.0
-60.0 68.5 132.0
-60.0 70.75 135.0
-60.0 73.0 121.0
-60.0 75.25 120.0
-60.0 77.5 133.0
-60.0 79.75 131.0
-60.0 82.0 136.0
-60.0 84.25 149.0
-60.0 86.5 127.0
-60.0 88.75 147.0
-60.0 91.0 132.0
-60.0 93.25 145.0
-60.0 95.5 136.0
-60.0 97.75 155.0
-60.0 100.0 67.0
-55.0 10.0 637.0
-55.0 12.25 536.0
-55.0 14.5 424.0
-55.0 16.75 376.0
-55.0 19.0 344.0
-55.0 21.25 343.0
-55.0 23.5 318.0
-55.0 25.75 284.0
-55.0 28.0 276.0
-55.0 30.25 249.0
-55.0 32.5 262.0
-55.0 34.75 224.0
-55.0 37.0 246.0
-55.0 39.25 247.0
-55.0 41.5 182.0
-55.0 43.75 191.0
-55.0 46.0 202.0
-55.0 48.25 187.0
-55.0 50.5 153.0
-55.0 52.75 147.0
-55.0 55.0 165.0
-55.0 57.25 157.0
-55.0 59.5 172.0
-55.0 61.75 157.0
-55.0 64.0 170.0
-55.0 66.25 124.0
-55.0 68.5 112.0
-55.0 70.75 120.0
-55.0 73.0 119.0
-55.0 75.25 126.0
-55.0 77.5 125.0
-55.0 79.75 134.0
-55.0 82.0 121.0
-55.0 84.25 121.0
-55.0 86.5 142.0
-55.0 88.75 143.0
-55.0 91.0 128.0
-55.0 93.25 140.0
-55.0 95.5 147.0
-55.0 97.75 147.0
-55.0 100.0 75.0
-50.0 10.0 592.0
-50.0 12.25 476.0
-50.0 14.5 393.0
-50.0 16.75 362.0
-50.0 19.0 322.0
-50.0 21.25 329.0
-50.0 23.5 292.0
-50.0 25.75 271.0
-50.0 28.0 255.0
-50.0 30.25 236.0
-50.0 32.5 244.0
-50.0 34.75 218.0
-50.0 37.0 207.0
-50.0 39.25 231.0
-50.0 41.5 184.0
-50.0 43.75 181.0
-50.0 46.0 195.0
-50.0 48.25 185.0
-50.0 50.5 150.0
-50.0 52.75 144.0
-50.0 55.0 151.0
-50.0 57.25 159.0
-50.0 59.5 152.0
-50.0 61.75 162.0
-50.0 64.0 159.0
-50.0 66.25 116.0
-50.0 68.5 112.0
-50.0 70.75 112.0
-50.0 73.0 109.0
-50.0 75.25 122.0
-50.0 77.5 122.0
-50.0 79.75 128.0
-50.0 82.0 111.0
-50.0 84.25 128.0
-50.0 86.5 124.0
-50.0 88.75 142.0
-50.0 91.0 136.0
-50.0 93.25 136.0
-50.0 95.5 136.0
-50.0 97.75 140.0
-50.0 100.0 66.0
-45.0 10.0 600.0
-45.0 12.25 506.0
-45.0 14.5 392.0
-45.0 16.75 366.0
-45.0 19.0 348.0
-45.0 21.25 340.0
-45.0 23.5 280.0
-45.0 25.75 274.0
-45.0 28.0 262.0
-45.0 30.25 247.0
-45.0 32.5 269.0
-45.0 34.75 231.0
-45.0 37.0 224.0
-45.0 39.25 219.0
-45.0 41.5 174.0
-45.0 43.75 189.0
-45.0 46.0 203.0
-45.0 48.25 179.0
-45.0 50.5 144.0
-45.0 52.75 139.0
-45.0 55.0 155.0
-45.0 57.25 153.0
-45.0 59.5 170.0
-45.0 61.75 164.0
-45.0 64.0 158.0
-45.0 66.25 116.0
-45.0 68.5 105.0
-45.0 70.75 111.0
-45.0 73.0 125.0
-45.0 75.25 121.0
-45.0 77.5 126.0
-45.0 79.75 132.0
-45.0 82.0 117.0
-45.0 84.25 128.0
-45.0 86.5 115.0
-45.0 88.75 137.0
-45.0 91.0 126.0
-45.0 93.25 140.0
-45.0 95.5 122.0
-45.0 97.75 126.0
-45.0 100.0 70.0
-40.0 10.0 549.0
-40.0 12.25 462.0
-40.0 14.5 389.0
-40.0 16.75 348.0
-40.0 19.0 297.0
-40.0 21.25 303.0
-40.0 23.5 269.0
-40.0 25.75 250.0
-40.0 28.0 264.0
-40.0 30.25 232.0
-40.0 32.5 210.0
-40.0 34.75 190.0
-40.0 37.0 214.0
-40.0 39.25 216.0
-40.0 41.5 172.0
-40.0 43.75 172.0
-40.0 46.0 177.0
-40.0 48.25 175.0
-40.0 50.5 132.0
-40.0 52.75 135.0
-40.0 55.0 138.0
-40.0 57.25 129.0
-40.0 59.5 143.0
-40.0 61.75 155.0
-40.0 64.0 167.0
-40.0 66.25 103.0
-40.0 68.5 112.0
-40.0 70.75 116.0
-40.0 73.0 109.0
-40.0 75.25 122.0
-40.0 77.5 104.0
-40.0 79.75 117.0
-40.0 82.0 123.0
-40.0 84.25 128.0
-40.0 86.5 130.0
-40.0 88.75 134.0
-40.0 91.0 132.0
-40.0 93.25 124.0
-40.0 95.5 118.0
-40.0 97.75 132.0
-40.0 100.0 60.0
-35.0 10.0 466.0
-35.0 12.25 434.0
-35.0 14.5 337.0
-35.0 16.75 326.0
-35.0 19.0 283.0
-35.0 21.25 268.0
-35.0 23.5 250.0
-35.0 25.75 236.0
-35.0 28.0 237.0
-35.0 30.25 219.0
-35.0 32.5 220.0
-35.0 34.75 187.0
-35.0 37.0 193.0
-35.0 39.25 213.0
-35.0 41.5 152.0
-35.0 43.75 160.0
-35.0 46.0 162.0
-35.0 48.25 168.0
-35.0 50.5 133.0
-35.0 52.75 131.0
-35.0 55.0 128.0
-35.0 57.25 145.0
-35.0 59.5 144.0
-35.0 61.75 138.0
-35.0 64.0 160.0
-35.0 66.25 105.0
-35.0 68.5 106.0
-35.0 70.75 101.0
-35.0 73.0 110.0
-35.0 75.25 95.0
-35.0 77.5 97.0
-35.0 79.75 117.0
-35.0 82.0 117.0
-35.0 84.25 106.0
-35.0 86.5 114.0
-35.0 88.75 145.0
-35.0 91.0 115.0
-35.0 93.25 119.0
-35.0 95.5 120.0
-35.0 97.75 123.0
-35.0 100.0 63.0
-30.0 10.0 445.0
-30.0 12.25 388.0
-30.0 14.5 314.0
-30.0 16.75 302.0
-30.0 19.0 256.0
-30.0 21.25 253.0
-30.0 23.5 227.0
-30.0 25.75 212.0
-30.0 28.0 218.0
-30.0 30.25 204.0
-30.0 32.5 207.0
-30.0 34.75 180.0
-30.0 37.0 171.0
-30.0 39.25 179.0
-30.0 41.5 161.0
-30.0 43.75 150.0
-30.0 46.0 160.0
-30.0 48.25 150.0
-30.0 50.5 121.0
-30.0 52.75 134.0
-30.0 55.0 136.0
-30.0 57.25 133.0
-30.0 59.5 148.0
-30.0 61.75 152.0
-30.0 64.0 146.0
-30.0 66.25 106.0
-30.0 68.5 101.0
-30.0 70.75 98.0
-30.0 73.0 104.0
-30.0 75.25 108.0
-30.0 77.5 102.0
-30.0 79.75 104.0
-30.0 82.0 109.0
-30.0 84.25 114.0
-30.0 86.5 121.0
-30.0 88.75 123.0
-30.0 91.0 130.0
-30.0 93.25 105.0
-30.0 95.5 130.0
-30.0 97.75 127.0
-30.0 100.0 61.0
-25.0 10.0 377.0
-25.0 12.25 354.0
-25.0 14.5 260.0
-25.0 16.75 272.0
-25.0 19.0 257.0
-25.0 21.25 246.0
-25.0 23.5 209.0
-25.0 25.75 202.0
-25.0 28.0 201.0
-25.0 30.25 173.0
-25.0 32.5 178.0
-25.0 34.75 169.0
-25.0 37.0 168.0
-25.0 39.25 192.0
-25.0 41.5 141.0
-25.0 43.75 140.0
-25.0 46.0 156.0
-25.0 48.25 135.0
-25.0 50.5 124.0
-25.0 52.75 122.0
-25.0 55.0 129.0
-25.0 57.25 117.0
-25.0 59.5 136.0
-25.0 61.75 135.0
-25.0 64.0 144.0
-25.0 66.25 94.0
-25.0 68.5 86.0
-25.0 70.75 88.0
-25.0 73.0 94.0
-25.0 75.25 104.0
-25.0 77.5 106.0
-25.0 79.75 97.0
-25.0 82.0 109.0
-25.0 84.25 106.0
-25.0 86.5 112.0
-25.0 88.75 119.0
-25.0 91.0 117.0
-25.0 93.25 114.0
-25.0 95.5 116.0
-25.0 97.75 106.0
-25.0 100.0 62.0
-20.0 10.0 358.0
-20.0 12.25 306.0
-20.0 14.5 265.0
-20.0 16.75 234.0
-20.0 19.0 214.0
-20.0 21.25 216.0
-20.0 23.5 205.0
-20.0 25.75 188.0
-20.0 28.0 181.0
-20.0 30.25 163.0
-20.0 32.5 161.0
-20.0 34.75 149.0
-20.0 37.0 148.0
-20.0 39.25 165.0
-20.0 41.5 141.0
-20.0 43.75 126.0
-20.0 46.0 133.0
-20.0 48.25 139.0
-20.0 50.5 108.0
-20.0 52.75 95.0
-20.0 55.0 108.0
-20.0 57.25 123.0
-20.0 59.5 116.0
-20.0 61.75 128.0
-20.0 64.0 142.0
-20.0 66.25 87.0
-20.0 68.5 81.0
-20.0 70.75 95.0
-20.0 73.0 92.0
-20.0 75.25 97.0
-20.0 77.5 99.0
-20.0 79.75 108.0
-20.0 82.0 91.0
-20.0 84.25 109.0
-20.0 86.5 100.0
-20.0 88.75 113.0
-20.0 91.0 109.0
-20.0 93.25 121.0
-20.0 95.5 105.0
-20.0 97.75 117.0
-20.0 100.0 50.0
-15.0 10.0 305.0
-15.0 12.25 268.0
-15.0 14.5 230.0
-15.0 16.75 201.0
-15.0 19.0 199.0
-15.0 21.25 200.0
-15.0 23.5 157.0
-15.0 25.75 164.0
-15.0 28.0 168.0
-15.0 30.25 136.0
-15.0 32.5 166.0
-15.0 34.75 149.0
-15.0 37.0 135.0
-15.0 39.25 152.0
-15.0 41.5 126.0
-15.0 43.75 120.0
-15.0 46.0 140.0
-15.0 48.25 126.0
-15.0 50.5 101.0
-15.0 52.75 98.0
-15.0 55.0 107.0
-15.0 57.25 103.0
-15.0 59.5 102.0
-15.0 61.75 113.0
-15.0 64.0 115.0
-15.0 66.25 83.0
-15.0 68.5 92.0
-15.0 70.75 82.0
-15.0 73.0 92.0
-15.0 75.25 84.0
-15.0 77.5 84.0
-15.0 79.75 96.0
-15.0 82.0 93.0
-15.0 84.25 98.0
-15.0 86.5 109.0
-15.0 88.75 104.0
-15.0 91.0 103.0
-15.0 93.25 99.0
-15.0 95.5 112.0
-15.0 97.75 110.0
-15.0 100.0 53.0
-10.0 10.0 283.0
-10.0 12.25 214.0
-10.0 14.5 195.0
-10.0 16.75 178.0
-10.0 19.0 165.0
-10.0 21.25 175.0
-10.0 23.5 138.0
-10.0 25.75 157.0
-10.0 28.0 134.0
-10.0 30.25 154.0
-10.0 32.5 143.0
-10.0 34.75 136.0
-10.0 37.0 135.0
-10.0 39.25 150.0
-10.0 41.5 114.0
-10.0 43.75 115.0
-10.0 46.0 136.0
-10.0 48.25 116.0
-10.0 50.5 86.0
-10.0 52.75 92.0
-10.0 55.0 106.0
-10.0 57.25 97.0
-10.0 59.5 105.0
-10.0 61.75 119.0
-10.0 64.0 119.0
-10.0 66.25 75.0
-10.0 68.5 76.0
-10.0 70.75 78.0
-10.0 73.0 81.0
-10.0 75.25 88.0
-10.0 77.5 82.0
-10.0 79.75 89.0
-10.0 82.0 100.0
-10.0 84.25 81.0
-10.0 86.5 99.0
-10.0 88.75 99.0
-10.0 91.0 96.0
-10.0 93.25 97.0
-10.0 95.5 91.0
-10.0 97.75 104.0
-10.0 100.0 57.0
-5.0 10.0 213.0
-5.0 12.25 186.0
-5.0 14.5 151.0
-5.0 16.75 175.0
-5.0 19.0 153.0
-5.0 21.25 158.0
-5.0 23.5 134.0
-5.0 25.75 131.0
-5.0 28.0 134.0
-5.0 30.25 135.0
-5.0 32.5 129.0
-5.0 34.75 122.0
-5.0 37.0 123.0
-5.0 39.25 136.0
-5.0 41.5 103.0
-5.0 43.75 94.0
-5.0 46.0 108.0
-5.0 48.25 107.0
-5.0 50.5 80.0
-5.0 52.75 82.0
-5.0 55.0 96.0
-5.0 57.25 95.0
-5.0 59.5 105.0
-5.0 61.75 92.0
-5.0 64.0 97.0
-5.0 66.25 63.0
-5.0 68.5 78.0
-5.0 70.75 85.0
-5.0 73.0 83.0
-5.0 75.25 84.0
-5.0 77.5 73.0
-5.0 79.75 91.0
-5.0 82.0 92.0
-5.0 84.25 94.0
-5.0 86.5 100.0
-5.0 88.75 89.0
-5.0 91.0 100.0
-5.0 93.25 96.0
-5.0 95.5 98.0
-5.0 97.75 103.0
-5.0 100.0 51.0
0.0 10.0 180.0
0.0 12.25 138.0
0.0 14.5 118.0
0.0 16.75 135.0
0.0 19.0 124.0
0.0 21.25 121.0
0.0 23.5 114.0
0.0 25.75 118.0
0.0 28.0 106.0
0.0 30.25 119.0
0.0 32.5 106.0
0.0 34.75 113.0
0.0 37.0 114.0
0.0 39.25 128.0
0.0 41.5 95.0
0.0 43.75 96.0
0.0 46.0 108.0
0.0 48.25 102.0
0.0 50.5 65.0
0.0 52.75 81.0
0.0 55.0 81.0
0.0 57.25 85.0
0.0 59.5 97.0
0.0 61.75 97.0
0.0 64.0 105.0
0.0 66.25 57.0
0.0 68.5 62.0
0.0 70.75 74.0
0.0 73.0 65.0
0.0 75.25 72.0
0.0 77.5 83.0
0.0 79.75 87.0
0.0 82.0 85.0
0.0 84.25 92.0
0.0 86.5 77.0
0.0 88.75 92.0
0.0 91.0 88.0
0.0 93.25 84.0
0.0 95.5 92.0
0.0 97.75 92.0
0.0 100.0 56.0
5.0 10.0 141.0
5.0 12.25 152.0
5.0 14.5 125.0
5.0 16.75 130.0
5.0 19.0 124.0
5.0 21.25 132.0
5.0 23.5 121.0
5.0 25.75 112.0
5.0 28.0 112.0
5.0 30.25 93.0
5.0 32.5 122.0
5.0 34.75 97.0
5.0 37.0 103.0
5.0 39.25 100.0
5.0 41.5 97.0
5.0 43.75 108.0
5.0 46.0 100.0
5.0 48.25 96.0
5.0 50.5 73.0
5.0 52.75 83.0
5.0 55.0 83.0
5.0 57.25 85.0
5.0 59.5 76.0
5.0 61.75 83.0
5.0 64.0 90.0
5.0 66.25 64.0
5.0 68.5 64.0
5.0 70.75 72.0
5.0 73.0 68.0
5.0 75.25 74.0
5.0 77.5 85.0
5.0 79.75 74.0
5.0 82.0 78.0
5.0 84.25 87.0
5.0 86.5 90.0
5.0 88.75 81.0
5.0 91.0 88.0
5.0 93.25 73.0
5.0 95.5 85.0
5.0 97.75 94.0
5.0 100.0 45.0
10.0 10.0 93.0
10.0 12.25 120.0
10.0 14.5 86.0
10.0 16.75 116.0
10.0 19.0 90.0
10.0 21.25 105.0
10.0 23.5 95.0
10.0 25.75 77.0
10.0 28.0 111.0
10.0 30.25 76.0
10.0 32.5 99.0
10.0 34.75 91.0
10.0 37.0 88.0
10.0 39.25 90.0
10.0 41.5 96.0
10.0 43.75 88.0
10.0 46.0 88.0
10.0 48.25 84.0
10.0 50.5 63.0
10.0 52.75 68.0
10.0 55.0 78.0
10.0 57.25 87.0
10.0 59.5 78.0
10.0 61.75 88.0
10.0 64.0 84.0
10.0 66.25 55.0
10.0 68.5 67.0
10.0 70.75 58.0
10.0 73.0 68.0
10.0 75.25 59.0
10.0 77.5 73.0
10.0 79.75 68.0
10.0 82.0 63.0
10.0 84.25 73.0
10.0 86.5 79.0
10.0 88.75 83.0
10.0 91.0 87.0
10.0 93.25 83.0
10.0 95.5 85.0
10.0 97.75 90.0
10.0 100.0 40.0
15.0 10.0 134.0
15.0 12.25 120.0
15.0 14.5 88.0
15.0 16.75 74.0
15.0 19.0 77.0
15.0 21.25 81.0
15.0 23.5 76.0
15.0 25.75 60.0
15.0 28.0 76.0
15.0 30.25 70.0
15.0 32.5 86.0
15.0 34.75 72.0
15.0 37.0 92.0
15.0 39.25 87.0
15.0 41.5 80.0
15.0 43.75 71.0
15.0 46.0 81.0
15.0 48.25 83.0
15.0 50.5 58.0
15.0 52.75 57.0
15.0 55.0 60.0
15.0 57.25 75.0
15.0 59.5 70.0
15.0 61.75 70.0
15.0 64.0 73.0
15.0 66.25 51.0
15.0 68.5 54.0
15.0 70.75 52.0
15.0 73.0 65.0
15.0 75.25 64.0
15.0 77.5 75.0
15.0 79.75 73.0
15.0 82.0 68.0
15.0 84.25 82.0
15.0 86.5 77.0
15.0 88.75 76.0
15.0 91.0 74.0
15.0 93.25 83.0
15.0 95.5 73.0
15.0 97.75 77.0
15.0 100.0 38.0
20.0 10.0 187.0
20.0 12.25 161.0
20.0 14.5 125.0
20.0 16.75 74.0
20.0 19.0 80.0
20.0 21.25 73.0
20.0 23.5 52.0
20.0 25.75 54.0
20.0 28.0 65.0
20.0 30.25 54.0
20.0 32.5 65.0
20.0 34.75 58.0
20.0 37.0 70.0
20.0 39.25 60.0
20.0 41.5 74.0
20.0 43.75 77.0
20.0 46.0 72.0
20.0 48.25 70.0
20.0 50.5 48.0
20.0 52.75 67.0
20.0 55.0 60.0
20.0 57.25 64.0
20.0 59.5 67.0
20.0 61.75 66.0
20.0 64.0 70.0
20.0 66.25 43.0
20.0 68.5 55.0
20.0 70.75 53.0
20.0 73.0 62.0
20.0 75.25 54.0
20.0 77.5 56.0
20.0 79.75 53.0
20.0 82.0 74.0
20.0 84.25 68.0
20.0 86.5 67.0
20.0 88.75 73.0
20.0 91.0 71.0
20.0 93.25 75.0
20.0 95.5 75.0
20.0 97.75 70.0
20.0 100.0 38.0
25.0 10.0 218.0
25.0 12.25 180.0
25.0 14.5 157.0
25.0 16.75 121.0
25.0 19.0 103.0
25.0 21.25 67.0
25.0 23.5 57.0
25.0 25.75 50.0
25.0 28.0 55.0
25.0 30.25 43.0
25.0 32.5 56.0
25.0 34.75 47.0
25.0 37.0 66.0
25.0 39.25 58.0
25.0 41.5 59.0
25.0 43.75 57.0
25.0 46.0 60.0
25.0 48.25 49.0
25.0 50.5 46.0
25.0 52.75 53.0
25.0 55.0 60.0
25.0 57.25 63.0
25.0 59.5 63.0
25.0 61.75 70.0
25.0 64.0 63.0
25.0 66.25 46.0
25.0 68.5 47.0
25.0 70.75 49.0
25.0 73.0 53.0
25.0 75.25 46.0
25.0 77.5 52.0
25.0 79.75 59.0
25.0 82.0 51.0
25.0 84.25 67.0
25.0 86.5 66.0
25.0 88.75 67.0
25.0 91.0 66.0
25.0 93.25 76.0
25.0 95.5 71.0
25.0 97.75 69.0
25.0 100.0 35.0
30.0 10.0 266.0
30.0 12.25 236.0
30.0 14.5 192.0
30.0 16.75 127.0
30.0 19.0 126.0
30.0 21.25 87.0
30.0 23.5 68.0
30.0 25.75 49.0
30.0 28.0 58.0
30.0 30.25 33.0
30.0 32.5 32.0
30.0 34.75 45.0
30.0 37.0 54.0
30.0 39.25 43.0
30.0 41.5 44.0
30.0 43.75 51.0
30.0 46.0 45.0
30.0 48.25 48.0
30.0 50.5 39.0
30.0 52.75 44.0
30.0 55.0 44.0
30.0 57.25 57.0
30.0 59.5 48.0
30.0 61.75 55.0
30.0 64.0 61.0
30.0 66.25 34.0
30.0 68.5 47.0
30.0 70.75 44.0
30.0 73.0 46.0
30.0 75.25 49.0
30.0 77.5 55.0
30.0 79.75 56.0
30.0 82.0 51.0
30.0 84.25 56.0
30.0 86.5 56.0
30.0 88.75 58.0
30.0 91.0 63.0
30.0 93.25 62.0
30.0 95.5 61.0
30.0 97.75 61.0
30.0 100.0 38.0
35.0 10.0 340.0
35.0 12.25 259.0
35.0 14.5 202.0
35.0 16.75 164.0
35.0 19.0 138.0
35.0 21.25 107.0
35.0 23.5 106.0
35.0 25.75 65.0
35.0 28.0 65.0
35.0 30.25 43.0
35.0 32.5 45.0
35.0 34.75 34.0
35.0 37.0 38.0
35.0 39.25 38.0
35.0 41.5 37.0
35.0 43.75 37.0
35.0 46.0 45.0
35.0 48.25 43.0
35.0 50.5 38.0
35.0 52.75 44.0
35.0 55.0 46.0
35.0 57.25 51.0
35.0 59.5 46.0
35.0 61.75 51.0
35.0 64.0 56.0
35.0 66.25 41.0
35.0 68.5 42.0
35.0 70.75 43.0
35.0 73.0 35.0
35.0 75.25 45.0
35.0 77.5 45.0
35.0 79.75 47.0
35.0 82.0 41.0
35.0 84.25 62.0
35.0 86.5 47.0
35.0 88.75 59.0
35.0 91.0 56.0
35.0 93.25 46.0
35.0 95.5 66.0
35.0 97.75 57.0
35.0 100.0 30.0
40.0 10.0 364.0
40.0 12.25 292.0
40.0 14.5 252.0
40.0 16.75 204.0
40.0 19.0 168.0
40.0 21.25 123.0
40.0 23.5 123.0
40.0 25.75 78.0
40.0 28.0 89.0
40.0 30.25 56.0
40.0 32.5 58.0
40.0 34.75 39.0
40.0 37.0 37.0
40.0 39.25 33.0
40.0 41.5 32.0
40.0 43.75 27.0
40.0 46.0 28.0
40.0 48.25 42.0
40.0 50.5 26.0
40.0 52.75 32.0
40.0 55.0 34.0
40.0 57.25 44.0
40.0 59.5 40.0
40.0 61.75 46.0
40.0 64.0 50.0
40.0 66.25 30.0
40.0 68.5 36.0
40.0 70.75 42.0
40.0 73.0 42.0
40.0 75.25 35.0
40.0 77.5 42.0
40.0 79.75 39.0
40.0 82.0 36.0
40.0 84.25 52.0
40.0 86.5 43.0
40.0 88.75 53.0
40.0 91.0 53.0
40.0 93.25 57.0
40.0 95.5 51.0
40.0 97.75 55.0
40.0 100.0 32.0
45.0 10.0 402.0
45.0 12.25 318.0
45.0 14.5 296.0
45.0 16.75 202.0
45.0 19.0 194.0
45.0 21.25 159.0
45.0 23.5 128.0
45.0 25.75 92.0
45.0 28.0 93.0
45.0 30.25 65.0
45.0 32.5 73.0
45.0 34.75 52.0
45.0 37.0 42.0
45.0 39.25 37.0
45.0 41.5 38.0
45.0 43.75 32.0
45.0 46.0 22.0
45.0 48.25 30.0
45.0 50.5 17.0
45.0 52.75 31.0
45.0 55.0 28.0
45.0 57.25 35.0
45.0 59.5 38.0
45.0 61.75 41.0
45.0 64.0 36.0
45.0 66.25 23.0
45.0 68.5 25.0
45.0 70.75 33.0
45.0 73.0 31.0
45.0 75.25 28.0
45.0 77.5 42.0
45.0 79.75 33.0
45.0 82.0 37.0
45.0 84.25 39.0
45.0 86.5 45.0
45.0 88.75 53.0
45.0 91.0 53.0
45.0 93.25 48.0
45.0 95.5 48.0
45.0 97.75 53.0
45.0 100.0 25.0
50.0 10.0 401.0
50.0 12.25 360.0
50.0 14.5 274.0
50.0 16.75 228.0
50.0 19.0 179.0
50.0 21.25 146.0
50.0 23.5 132.0
50.0 25.75 102.0
50.0 28.0 101.0
50.0 30.25 67.0
50.0 32.5 89.0
50.0 34.75 58.0
50.0 37.0 55.0
50.0 39.25 47.0
50.0 41.5 38.0
50.0 43.75 41.0
50.0 46.0 31.0
50.0 48.25 29.0
50.0 50.5 22.0
50.0 52.75 21.0
50.0 55.0 16.0
50.0 57.25 25.0
50.0 59.5 27.0
50.0 61.75 29.0
50.0 64.0 31.0
50.0 66.25 31.0
50.0 68.5 24.0
50.0 70.75 24.0
50.0 73.0 32.0
50.0 75.25 32.0
50.0 77.5 40.0
50.0 79.75 40.0
50.0 82.0 37.0
50.0 84.25 40.0
50.0 86.5 42.0
50.0 88.75 55.0
50.0 91.0 49.0
50.0 93.25 49.0
50.0 95.5 51.0
50.0 97.75 39.0
50.0 100.0 26.0
55.0 10.0 458.0
55.0 12.25 393.0
55.0 14.5 316.0
55.0 16.75 230.0
55.0 19.0 228.0
55.0 21.25 171.0
55.0 23.5 164.0
55.0 25.75 122.0
55.0 28.0 110.0
55.0 30.25 85.0
55.0 32.5 94.0
55.0 34.75 67.0
55.0 37.0 82.0
55.0 39.25 64.0
55.0 41.5 51.0
55.0 43.75 47.0
55.0 46.0 35.0
55.0 48.25 41.0
55.0 50.5 26.0
55.0 52.75 23.0
55.0 55.0 16.0
55.0 57.25 24.0
55.0 59.5 19.0
55.0 61.75 22.0
55.0 64.0 31.0
55.0 66.25 22.0
55.0 68.5 24.0
55.0 70.75 26.0
55.0 73.0 32.0
55.0 75.25 31.0
55.0 77.5 32.0
55.0 79.75 30.0
55.0 82.0 42.0
55.0 84.25 30.0
55.0 86.5 46.0
55.0 88.75 36.0
55.0 91.0 31.0
55.0 93.25 42.0
55.0 95.5 40.0
55.0 97.75 41.0
55.0 100.0 25.0
60.0 10.0 506.0
60.0 12.25 414.0
60.0 14.5 327.0
60.0 16.75 245.0
60.0 19.0 246.0
60.0 21.25 191.0
60.0 23.5 196.0
60.0 25.75 135.0
60.0 28.0 133.0
60.0 30.25 105.0
60.0 32.5 128.0
60.0 34.75 75.0
60.0 37.0 83.0
60.0 39.25 77.0
60.0 41.5 59.0
60.0 43.75 57.0
60.0 46.0 50.0
60.0 48.25 57.0
60.0 50.5 27.0
60.0 52.75 33.0
60.0 55.0 21.0
60.0 57.25 16.0
60.0 59.5 20.0
60.0 61.75 23.0
60.0 64.0 20.0
60.0 66.25 15.0
60.0 68.5 17.0
60.0 70.75 24.0
60.0 73.0 22.0
60.0 75.25 25.0
60.0 77.5 31.0
60.0 79.75 33.0
60.0 82.0 27.0
60.0 84.25 29.0
60.0 86.5 25.0
60.0 88.75 38.0
60.0 91.0 36.0
60.0 93.25 35.0
60.0 95.5 38.0
60.0 97.75 35.0
60.0 100.0 20.0
65.0 10.0 560.0
65.0 12.25 442.0
65.0 14.5 382.0
65.0 16.75 296.0
65.0 19.0 272.0
65.0 21.25 215.0
65.0 23.5 187.0
65.0 25.75 148.0
65.0 28.0 151.0
65.0 30.25 116.0
65.0 32.5 122.0
65.0 34.75 80.0
65.0 37.0 90.0
65.0 39.25 70.0
65.0 41.5 67.0
65.0 43.75 63.0
65.0 46.0 48.0
65.0 48.25 60.0
65.0 50.5 36.0
65.0 52.75 31.0
65.0 55.0 32.0
65.0 57.25 25.0
65.0 59.5 24.0
65.0 61.75 21.0
65.0 64.0 18.0
65.0 66.25 19.0
65.0 68.5 19.0
65.0 70.75 16.0
65.0 73.0 19.0
65.0 75.25 21.0
65.0 77.5 22.0
65.0 79.75 22.0
65.0 82.0 18.0
65.0 84.25 33.0
65.0 86.5 29.0
65.0 88.75 27.0
65.0 91.0 29.0
65.0 93.25 38.0
65.0 95.5 39.0
65.0 97.75 38.0
65.0 100.0 21.0
70.0 10.0 577.0
70.0 12.25 486.0
70.0 14.5 389.0
70.0 16.75 313.0
70.0 19.0 282.0
70.0 21.25 238.0
70.0 23.5 225.0
70.0 25.75 158.0
70.0 28.0 181.0
70.0 30.25 136.0
70.0 32.5 130.0
70.0 34.75 100.0
70.0 37.0 104.0
70.0 39.25 71.0
70.0 41.5 66.0
70.0 43.75 66.0
70.0 46.0 50.0
70.0 48.25 65.0
70.0 50.5 39.0
70.0 52.75 46.0
70.0 55.0 29.0
70.0 57.25 31.0
70.0 59.5 30.0
70.0 61.75 27.0
70.0 64.0 22.0
70.0 66.25 14.0
70.0 68.5 15.0
70.0 70.75 11.0
70.0 73.0 14.0
70.0 75.25 16.0
70.0 77.5 20.0
70.0 79.75 22.0
70.0 82.0 18.0
70.0 84.25 19.0
70.0 86.5 24.0
70.0 88.75 28.0
70.0 91.0 26.0
70.0 93.25 32.0
70.0 95.5 31.0
70.0 97.75 29.0
70.0 100.0 15.0
75.0 10.0 679.0
75.0 12.25 554.0
75.0 14.5 433.0
75.0 16.75 330.0
75.0 19.0 320.0
75.0 21.25 277.0
75.0 23.5 248.0
75.0 25.75 184.0
75.0 28.0 202.0
75.0 30.25 146.0
75.0 32.5 154.0
75.0 34.75 108.0
75.0 37.0 100.0
75.0 39.25 96.0
75.0 41.5 78.0
75.0 43.75 66.0
75.0 46.0 82.0
75.0 48.25 74.0
75.0 50.5 54.0
75.0 52.75 52.0
75.0 55.0 38.0
75.0 57.25 44.0
75.0 59.5 38.0
75.0 61.75 45.0
75.0 64.0 29.0
75.0 66.25 17.0
75.0 68.5 19.0
75.0 70.75 17.0
75.0 73.0 15.0
75.0 75.25 12.0
75.0 77.5 19.0
75.0 79.75 13.0
75.0 82.0 17.0
75.0 84.25 21.0
75.0 86.5 22.0
75.0 88.75 22.0
75.0 91.0 19.0
75.0 93.25 23.0
75.0 95.5 27.0
75.0 97.75 21.0
75.0 100.0 20.0
80.0 10.0 675.0
80.0 12.25 583.0
80.0 14.5 484.0
80.0 16.75 367.0
80.0 19.0 338.0
80.0 21.25 289.0
80.0 23.5 262.0
80.0 25.75 201.0
80.0 28.0 193.0
80.0 30.25 175.0
80.0 32.5 153.0
80.0 34.75 117.0
80.0 37.0 127.0
80.0 39.25 106.0
80.0 41.5 87.0
80.0 43.75 79.0
80.0 46.0 79.0
80.0 48.25 86.0
80.0 50.5 63.0
80.0 52.75 57.0
80.0 55.0 54.0
80.0 57.25 58.0
80.0 59.5 43.0
80.0 61.75 41.0
80.0 64.0 39.0
80.0 66.25 20.0
80.0 68.5 22.0
80.0 70.75 19.0
80.0 73.0 22.0
80.0 75.25 14.0
80.0 77.5 8.0
80.0 79.75 8.0
80.0 82.0 15.0
80.0 84.25 11.0
80.0 86.5 15.0
80.0 88.75 16.0
80.0 91.0 20.0
80.0 93.25 17.0
80.0 95.5 21.0
80.0 97.75 13.0
80.0 100.0 12.0
85.0 10.0 754.0
85.0 12.25 594.0
85.0 14.5 506.0
85.0 16.75 376.0
85.0 19.0 359.0
85.0 21.25 287.0
85.0 23.5 279.0
85.0 25.75 221.0
85.0 28.0 202.0
85.0 30.25 185.0
85.0 32.5 179.0
85.0 34.75 126.0
85.0 37.0 120.0
85.0 39.25 115.0
85.0 41.5 101.0
85.0 43.75 102.0
85.0 46.0 79.0
85.0 48.25 93.0
85.0 50.5 53.0
85.0 52.75 65.0
85.0 55.0 61.0
85.0 57.25 53.0
85.0 59.5 52.0
85.0 61.75 48.0
85.0 64.0 38.0
85.0 66.25 24.0
85.0 68.5 28.0
85.0 70.75 28.0
85.0 73.0 27.0
85.0 75.25 15.0
85.0 77.5 21.0
85.0 79.75 15.0
85.0 82.0 12.0
85.0 84.25 13.0
85.0 86.5 17.0
85.0 88.75 12.0
85.0 91.0 13.0
85.0 93.25 16.0
85.0 95.5 10.0
85.0 97.75 18.0
85.0 100.0 11.0
90.0 10.0 777.0
90.0 12.25 646.0
90.0 14.5 517.0
90.0 16.75 414.0
90.0 19.0 396.0
90.0 21.25 325.0
90.0 23.5 287.0
90.0 25.75 235.0
90.0 28.0 268.0
90.0 30.25 188.0
90.0 32.5 182.0
90.0 34.75 146.0
90.0 37.0 148.0
90.0 39.25 127.0
90.0 41.5 110.0
90.0 43.75 99.0
90.0 46.0 97.0
90.0 48.25 114.0
90.0 50.5 65.0
90.0 52.75 82.0
90.0 55.0 54.0
90.0 57.25 59.0
90.0 59.5 58.0
90.0 61.75 57.0
90.0 64.0 47.0
90.0 66.25 33.0
90.0 68.5 29.0
90.0 70.75 28.0
90.0 73.0 31.0
90.0 75.25 16.0
90.0 77.5 24.0
90.0 79.75 20.0
90.0 82.0 17.0
90.0 84.25 18.0
90.0 86.5 15.0
90.0 88.75 11.0
90.0 91.0 5.0
90.0 93.25 11.0
90.0 95.5 8.0
90.0 97.75 12.0
90.0 100.0 4.0
95.0 10.0 802.0
95.0 12.25 635.0
95.0 14.5 547.0
95.0 16.75 462.0
95.0 19.0 375.0
95.0 21.25 319.0
95.0 23.5 296.0
95.0 25.75 237.0
95.0 28.0 231.0
95.0 30.25 189.0
95.0 32.5 180.0
95.0 34.75 137.0
95.0 37.0 154.0
95.0 39.25 140.0
95.0 41.5 107.0
95.0 43.75 114.0
95.0 46.0 95.0
95.0 48.25 101.0
95.0 50.5 74.0
95.0 52.75 81.0
95.0 55.0 64.0
95.0 57.25 68.0
95.0 59.5 54.0
95.0 61.75 55.0
95.0 64.0 46.0
95.0 66.25 34.0
95.0 68.5 31.0
95.0 70.75 32.0
95.0 73.0 28.0
95.0 75.25 23.0
95.0 77.5 22.0
95.0 79.75 20.0
95.0 82.0 21.0
95.0 84.25 16.0
95.0 86.5 20.0
95.0 88.75 10.0
95.0 91.0 13.0
95.0 93.25 9.0
95.0 95.5 9.0
95.0 97.75 8.0
95.0 100.0 7.0
100.0 10.0 836.0
100.0 12.25 712.0
100.0 14.5 558.0
100.0 16.75 432.0
100.0 19.0 403.0
100.0 21.25 326.0
100.0 23.5 310.0
100.0 25.75 258.0
100.0 28.0 247.0
100.0 30.25 216.0
100.0 32.5 190.0
100.0 34.75 142.0
100.0 37.0 154.0
100.0 39.25 149.0
100.0 41.5 117.0
100.0 43.75 112.0
100.0 46.0 120.0
100.0 48.25 119.0
100.0 50.5 71.0
100.0 52.75 82.0
100.0 55.0 74.0
100.0 57.25 66.0
100.0 59.5 72.0
100.0 61.75 63.0
100.0 64.0 67.0
100.0 66.25 38.0
100.0 68.5 44.0
100.0 70.75 40.0
100.0 73.0 25.0
100.0 75.25 30.0
100.0 77.5 35.0
100.0 79.75 25.0
100.0 82.0 19.0
100.0 84.25 19.0
100.0 86.5 18.0
100.0 88.75 15.0
100.0 91.0 12.0
100.0 93.25 17.0
100.0 95.5 19.0
100.0 97.75 14.0
100.0 100.0 4.0
