-100.0 10.0 979.0
-100.0 12.25 850.0
-100.0 14.5 702.0
-100.0 16.75 601.0
-100.0 19.0 536.0
-100.0 21.25 520.0
-100.0 23.5 431.0
-100.0 25.75 413.0
-100.0 28.0 416.0
-100.0 30.25 376.0
-100.0 32.5 361.0
-100.0 34.75 322.0
-100.0 37.0 325.0
-100.0 39.25 345.0
-100.0 41.5 258.0
-100.0 43.75 261.0
-100.0 46.0 286.0
-100.0 48.25 259.0
-100.0 50.5 221.0
-100.0 52.75 210.0
-100.0 55.0 208.0
-100.0 57.25 219.0
-100.0 59.5 220.0
-100.0 61.75 215.0
-100.0 64.0 221.0
-100.0 66.25 142.0
-100.0 68.5 149.0
-100.0 70.75 162.0
-100.0 73.0 157.0
-100.0 75.25 161.0
-100.0 77.5 161.0
-100.0 79.75 165.0
-100.0 82.0 178.0
-100.0 84.25 159.0
-100.0 86.5 167.0
-100.0 88.75 184.0
-100.0 91.0 175.0
-100.0 93.25 176.0
-100.0 95.5 169.0
-100.0 97.75 167.0
-100.0 100.0 90.0
-95.0 10.0 922.0
-95.0 12.25 793.0
-95.0 14.5 638.0
-95.0 16.75 610.0
-95.0 19.0 501.0
-95.0 21.25 494.0
-95.0 23.5 447.0
-95.0 25.75 421.0
-95.0 28.0 393.0
-95.0 30.25 364.0
-95.0 32.5 360.0
-95.0 34.75 308.0
-95.0 37.0 323.0
-95.0 39.25 321.0
-95.0 41.5 254.0
-95.0 43.75 266.0
-95.0 46.0 275.0
-95.0 48.25 264.0
-95.0 50.5 208.0
-95.0 52.75 206.0
-95.0 55.0 199.0
-95.0 57.25 203.0
-95.0 59.5 222.0
-95.0 61.75 210.0
-95.0 64.0 224.0
-95.0 66.25 163.0
-95.0 68.5 136.0
-95.0 70.75 160.0
-95.0 73.0 149.0
-95.0 75.25 168.0
-95.0 77.5 159.0
-95.0 79.75 171.0
-95.0 82.0 164.0
-95.0 84.25 166.0
-95.0 86.5 172.0
-95.0 88.75 181.0
-95.0 91.0 171.0
-95.0 93.25 181.0
-95.0 95.5 161.0
-95.0 97.75 168.0
-95.0 100.0 84.0
-90.0 10.0 991.0
-90.0 12.25 815.0
-90.0 14.5 667.0
-90.0 16.75 552.0
-90.0 19.0 533.0
-90.0 21.25 501.0
-90.0 23.5 447.0
-90.0 25.75 412.0
-90.0 28.0 423.0
-90.0 30.25 357.0
-90.0 32.5 344.0
-90.0 34.75 318.0
-90.0 37.0 308.0
-90.0 39.25 314.0
-90.0 41.5 258.0
-90.0 43.75 258.0
-90.0 46.0 279.0
-90.0 48.25 269.0
-90.0 50.5 197.0
-90.0 52.75 212.0
-90.0 55.0 206.0
-90.0 57.25 206.0
-90.0 59.5 237.0
-90.0 61.75 219.0
-90.0 64.0 232.0
-90.0 66.25 157.0
-90.0 68.5 135.0
-90.0 70.75 154.0
-90.0 73.0 158.0
-90.0 75.25 167.0
-90.0 77.5 156.0
-90.0 79.75 165.0
-90.0 82.0 165.0
-90.0 84.25 168.0
-90.0 86.5 185.0
-90.0 88.75 183.0
-90.0 91.0 187.0
-90.0 93.25 171.0
-90.0 95.5 175.0
-90.0 97.75 173.0
-90.0 100.0 87.0
-85.0 10.0 916.0
-85.0 12.25 763.0
-85.0 14.5 625.0
-85.0 16.75 542.0
-85.0 19.0 505.0
-85.0 21.25 490.0
-85.0 23.5 426.0
-85.0 25.75 379.0
-85.0 28.0 365.0
-85.0 30.25 346.0
-85.0 32.5 338.0
-85.0 34.75 297.0
-85.0 37.0 292.0
-85.0 39.25 309.0
-85.0 41.5 255.0
-85.0 43.75 257.0
-85.0 46.0 256.0
-85.0 48.25 249.0
-85.0 50.5 183.0
-85.0 52.75 189.0
-85.0 55.0 204.0
-85.0 57.25 194.0
-85.0 59.5 216.0
-85.0 61.75 209.0
-85.0 64.0 222.0
-85.0 66.25 134.0
-85.0 68.5 131.0
-85.0 70.75 147.0
-85.0 73.0 167.0
-85.0 75.25 151.0
-85.0 77.5 157.0
-85.0 79.75 169.0
-85.0 82.0 158.0
-85.0 84.25 178.0
-85.0 86.5 176.0
-85.0 88.75 159.0
-85.0 91.0 158.0
-85.0 93.25 153.0
-85.0 95.5 176.0
-85.0 97.75 149.0
-85.0 100.0 84.0
-80.0 10.0 882.0
-80.0 12.25 706.0
-80.0 14.5 588.0
-80.0 16.75 552.0
-80.0 19.0 473.0
-80.0 21.25 440.0
-80.0 23.5 427.0
-80.0 25.75 374.0
-80.0 28.0 366.0
-80.0 30.25 335.0
-80.0 32.5 325.0
-80.0 34.75 282.0
-80.0 37.0 285.0
-80.0 39.25 319.0
-80.0 41.5 254.0
-80.0 43.75 237.0
-80.0 46.0 239.0
-80.0 48.25 244.0
-80.0 50.5 188.0
-80.0 52.75 189.0
-80.0 55.0 192.0
-80.0 57.25 201.0
-80.0 59.5 217.0
-80.0 61.75 201.0
-80.0 64.0 215.0
-80.0 66.25 138.0
-80.0 68.5 139.0
-80.0 70.75 139.0
-80.0 73.0 151.0
-80.0 75.25 149.0
-80.0 77.5 145.0
-80.0 79.75 158.0
-80.0 82.0 138.0
-80.0 84.25 163.0
-80.0 86.5 157.0
-80.0 88.75 165.0
-80.0 91.0 163.0
-80.0 93.25 168.0
-80.0 95.5 158.0
-80.0 97.75 157.0
-80.0 100.0 82.0
-75.0 10.0 823.0
-75.0 12.25 704.0
-75.0 14.5 577.0
-75.0 16.75 502.0
-75.0 19.0 471.0
-75.0 21.25 446.0
-75.0 23.5 397.0
-75.0 25.75 344.0
-75.0 28.0 347.0
-75.0 30.25 312.0
-75.0 32.5 308.0
-75.0 34.75 275.0
-75.0 37.0 258.0
-75.0 39.25 274.0
-75.0 41.5 237.0
-75.0 43.75 238.0
-75.0 46.0 228.0
-75.0 48.25 216.0
-75.0 50.5 175.0
-75.0 52.75 172.0
-75.0 55.0 189.0
-75.0 57.25 182.0
-75.0 59.5 201.0
-75.0 61.75 188.0
-75.0 64.0 213.0
-75.0 66.25 130.0
-75.0 68.5 117.0
-75.0 70.75 133.0
-75.0 73.0 153.0
-75.0 75.25 149.0
-75.0 77.5 150.0
-75.0 79.75 151.0
-75.0 82.0 138.0
-75.0 84.25 162.0
-75.0 86.5 166.0
-75.0 88.75 158.0
-75.0 91.0 156.0
-75.0 93.25 160.0
-75.0 95.5 161.0
-75.0 97.75 157.0
-75.0 100.0 83.0
-70.0 10.0 762.0
-70.0 12.25 688.0
-70.0 14.5 533.0
-70.0 16.75 477.0
-70.0 19.0 449.0
-70.0 21.25 417.0
-70.0 23.5 371.0
-70.0 25.75 329.0
-70.0 28.0 336.0
-70.0 30.25 289.0
-70.0 32.5 289.0
-70.0 34.75 258.0
-70.0 37.0 271.0
-70.0 39.25 279.0
-70.0 41.5 226.0
-70.0 43.75 213.0
-70.0 46.0 233.0
-70.0 48.25 222.0
-70.0 50.5 178.0
-70.0 52.75 176.0
-70.0 55.0 196.0
-70.0 57.25 186.0
-70.0 59.5 183.0
-70.0 61.75 198.0
-70.0 64.0 207.0
-70.0 66.25 126.0
-70.0 68.5 126.0
-70.0 70.75 125.0
-70.0 73.0 130.0
-70.0 75.25 135.0
-70.0 77.5 142.0
-70.0 79.75 153.0
-70.0 82.0 140.0
-70.0 84.25 153.0
-70.0 86.5 155.0
-70.0 88.75 170.0
-70.0 91.0 158.0
-70.0 93.25 163.0
-70.0 95.5 139.0
-70.0 97.75 156.0
-70.0 100.0 74.0
-65.0 10.0 748.0
-65.0 12.25 613.0
-65.0 14.5 501.0
-65.0 16.75 444.0
-65.0 19.0 407.0
-65.0 21.25 371.0
-65.0 23.5 353.0
-65.0 25.75 320.0
-65.0 28.0 329.0
-65.0 30.25 284.0
-65.0 32.5 285.0
-65.0 34.75 249.0
-65.0 37.0 253.0
-65.0 39.25 258.0
-65.0 41.5 205.0
-65.0 43.75 206.0
-65.0 46.0 212.0
-65.0 48.25 206.0
-65.0 50.5 181.0
-65.0 52.75 158.0
-65.0 55.0 179.0
-65.0 57.25 170.0
-65.0 59.5 182.0
-65.0 61.75 181.0
-65.0 64.0 182.0
-65.0 66.25 110.0
-65.0 68.5 125.0
-65.0 70.75 123.0
-65.0 73.0 120.0
-65.0 75.25 145.0
-65.0 77.5 138.0
-65.0 79.75 137.0
-65.0 82.0 131.0
-65.0 84.25 138.0
-65.0 86.5 133.0
-65.0 88.75 146.0
-65.0 91.0 150.0
-65.0 93.25 151.0
-65.0 95.5 151.0
-65.0 97.75 155.0
-65.0 100.0 76.0
-60.0 10.0 702.0
-60.0 12.25 588.0
-60.0 14.5 458.0
-60.0 16.75 420.0
-60.0 19.0 383.0
-60.0 21.25 382.0
-60.0 23.5 312.0
-60.0 25.75 303.0
-60.0 28.0 311.0
-60.0 30.25 261.0
-60.0 32.5 275.0
-60.0 34.75 219.0
-60.0 37.0 248.0
-60.0 39.25 264.0
-60.0 41.5 210.0
-60.0 43.75 187.0
-60.0 46.0 204.0
-60.0 48.25 203.0
-60.0 50.5 158.0
-60.0 52.75 145.0
-60.0 55.0 171.0
-60.0 57.25 158.0
-60.0 59.5 164.0
-60.0 61.75 190.0
-60.0 64.0 177.0
-60.0 66.25 113.0
-60.0 68.5 132.0
-60.0 70.75 116.0
-60.0 73.0 118.0
-60.0 75.25 127.0
-60.0 77.5 128.0
-60.0 79.75 129.0
-60.0 82.0 141.0
-60.0 84.25 134.0
-60.0 86.5 141.0
-60.0 88.75 147.0
-60.0 91.0 135.0
-60.0 93.25 137.0
-60.0 95.5 163.0
-60.0 97.75 139.0
-60.0 100.0 68.0
-55.0 10.0 635.0
-55.0 12.25 533.0
-55.0 14.5 433.0
-55.0 16.75 389.0
-55.0 19.0 361.0
-55.0 21.25 370.0
-55.0 23.5 323.0
-55.0 25.75 297.0
-55.0 28.0 299.0
-55.0 30.25 237.0
-55.0 32.5 248.0
-55.0 34.75 224.0
-55.0 37.0 241.0
-55.0 39.25 229.0
-55.0 41.5 194.0
-55.0 43.75 176.0
-55.0 46.0 207.0
-55.0 48.25 191.0
-55.0 50.5 158.0
-55.0 52.75 150.0
-55.0 55.0 162.0
-55.0 57.25 161.0
-55.0 59.5 167.0
-55.0 61.75 162.0
-55.0 64.0 185.0
-55.0 66.25 111.0
-55.0 68.5 111.0
-55.0 70.75 115.0
-55.0 73.0 126.0
-55.0 75.25 116.0
-55.0 77.5 129.0
-55.0 79.75 128.0
-55.0 82.0 132.0
-55.0 84.25 128.0
-55.0 86.5 134.0
-55.0 88.75 128.0
-55.0 91.0 143.0
-55.0 93.25 130.0
-55.0 95.5 138.0
-55.0 97.75 136.0
-55.0 100.0 69.0
-50.0 10.0 606.0
-50.0 12.25 513.0
-50.0 14.5 393.0
-50.0 16.75 370.0
-50.0 19.0 354.0
-50.0 21.25 331.0
-50.0 23.5 285.0
-50.0 25.75 253.0
-50.0 28.0 236.0
-50.0 30.25 246.0
-50.0 32.5 237.0
-50.0 34.75 214.0
-50.0 37.0 220.0
-50.0 39.25 238.0
-50.0 41.5 181.0
-50.0 43.75 185.0
-50.0 46.0 193.0
-50.0 48.25 181.0
-50.0 50.5 136.0
-50.0 52.75 147.0
-50.0 55.0 146.0
-50.0 57.25 148.0
-50.0 59.5 159.0
-50.0 61.75 164.0
-50.0 64.0 160.0
-50.0 66.25 108.0
-50.0 68.5 101.0
-50.0 70.75 117.0
-50.0 73.0 111.0
-50.0 75.25 130.0
-50.0 77.5 113.0
-50.0 79.75 124.0
-50.0 82.0 119.0
-50.0 84.25 127.0
-50.0 86.5 132.0
-50.0 88.75 125.0
-50.0 91.0 139.0
-50.0 93.25 133.0
-50.0 95.5 130.0
-50.0 97.75 130.0
-50.0 100.0 62.0
-45.0 10.0 572.0
-45.0 12.25 517.0
-45.0 14.5 423.0
-45.0 16.75 370.0
-45.0 19.0 322.0
-45.0 21.25 323.0
-45.0 23.5 285.0
-45.0 25.75 283.0
-45.0 28.0 267.0
-45.0 30.25 237.0
-45.0 32.5 256.0
-45.0 34.75 218.0
-45.0 37.0 223.0
-45.0 39.25 213.0
-45.0 41.5 170.0
-45.0 43.75 174.0
-45.0 46.0 189.0
-45.0 48.25 182.0
-45.0 50.5 147.0
-45.0 52.75 143.0
-45.0 55.0 139.0
-45.0 57.25 147.0
-45.0 59.5 166.0
-45.0 61.75 163.0
-45.0 64.0 171.0
-45.0 66.25 116.0
-45.0 68.5 124.0
-45.0 70.75 118.0
-45.0 73.0 118.0
-45.0 75.25 126.0
-45.0 77.5 127.0
-45.0 79.75 132.0
-45.0 82.0 121.0
-45.0 84.25 126.0
-45.0 86.5 132.0
-45.0 88.75 147.0
-45.0 91.0 130.0
-45.0 93.25 132.0
-45.0 95.5 134.0
-45.0 97.75 134.0
-45.0 100.0 68.0
-40.0 10.0 551.0
-40.0 12.25 449.0
-40.0 14.5 390.0
-40.0 16.75 348.0
-40.0 19.0 318.0
-40.0 21.25 296.0
-40.0 23.5 266.0
-40.0 25.75 247.0
-40.0 28.0 245.0
-40.0 30.25 233.0
-40.0 32.5 247.0
-40.0 34.75 199.0
-40.0 37.0 211.0
-40.0 39.25 203.0
-40.0 41.5 167.0
-40.0 43.75 171.0
-40.0 46.0 182.0
-40.0 48.25 168.0
-40.0 50.5 128.0
-40.0 52.75 124.0
-40.0 55.0 147.0
-40.0 57.25 145.0
-40.0 59.5 149.0
-40.0 61.75 146.0
-40.0 64.0 150.0
-40.0 66.25 112.0
-40.0 68.5 96.0
-40.0 70.75 108.0
-40.0 73.0 115.0
-40.0 75.25 120.0
-40.0 77.5 113.0
-40.0 79.75 126.0
-40.0 82.0 123.0
-40.0 84.25 128.0
-40.0 86.5 128.0
-40.0 88.75 139.0
-40.0 91.0 131.0
-40.0 93.25 125.0
-40.0 95.5 126.0
-40.0 97.75 136.0
-40.0 100.0 62.0
-35.0 10.0 500.0
-35.0 12.25 417.0
-35.0 14.5 327.0
-35.0 16.75 314.0
-35.0 19.0 282.0
-35.0 21.25 252.0
-35.0 23.5 256.0
-35.0 25.75 243.0
-35.0 28.0 229.0
-35.0 30.25 190.0
-35.0 32.5 213.0
-35.0 34.75 184.0
-35.0 37.0 191.0
-35.0 39.25 224.0
-35.0 41.5 159.0
-35.0 43.75 158.0
-35.0 46.0 173.0
-35.0 48.25 162.0
-35.0 50.5 129.0
-35.0 52.75 121.0
-35.0 55.0 142.0
-35.0 57.25 144.0
-35.0 59.5 138.0
-35.0 61.75 132.0
-35.0 64.0 163.0
-35.0 66.25 101.0
-35.0 68.5 95.0
-35.0 70.75 114.0
-35.0 73.0 115.0
-35.0 75.25 115.0
-35.0 77.5 110.0
-35.0 79.75 111.0
-35.0 82.0 102.0
-35.0 84.25 124.0
-35.0 86.5 117.0
-35.0 88.75 120.0
-35.0 91.0 132.0
-35.0 93.25 115.0
-35.0 95.5 125.0
-35.0 97.75 126.0
-35.0 100.0 59.0
-30.0 10.0 462.0
-30.0 12.25 373.0
-30.0 14.5 321.0
-30.0 16.75 296.0
-30.0 19.0 260.0
-30.0 21.25 260.0
-30.0 23.5 222.0
-30.0 25.75 210.0
-30.0 28.0 224.0
-30.0 30.25 194.0
-30.0 32.5 197.0
-30.0 34.75 174.0
-30.0 37.0 171.0
-30.0 39.25 188.0
-30.0 41.5 164.0
-30.0 43.75 154.0
-30.0 46.0 157.0
-30.0 48.25 148.0
-30.0 50.5 116.0
-30.0 52.75 112.0
-30.0 55.0 134.0
-30.0 57.25 129.0
-30.0 59.5 129.0
-30.0 61.75 137.0
-30.0 64.0 131.0
-30.0 66.25 86.0
-30.0 68.5 101.0
-30.0 70.75 108.0
-30.0 73.0 110.0
-30.0 75.25 97.0
-30.0 77.5 99.0
-30.0 79.75 116.0
-30.0 82.0 101.0
-30.0 84.25 124.0
-30.0 86.5 119.0
-30.0 88.75 120.0
-30.0 91.0 117.0
-30.0 93.25 116.0
-30.0 95.5 117.0
-30.0 97.75 126.0
-30.0 100.0 65.0
-25.0 10.0 427.0
-25.0 12.25 339.0
-25.0 14.5 302.0
-25.0 16.75 260.0
-25.0 19.0 239.0
-25.0 21.25 234.0
-25.0 23.5 197.0
-25.0 25.75 204.0
-25.0 28.0 196.0
-25.0 30.25 188.0
-25.0 32.5 180.0
-25.0 34.75 164.0
-25.0 37.0 165.0
-25.0 39.25 202.0
-25.0 41.5 134.0
-25.0 43.75 148.0
-25.0 46.0 164.0
-25.0 48.25 143.0
-25.0 50.5 103.0
-25.0 52.75 114.0
-25.0 55.0 127.0
-25.0 57.25 115.0
-25.0 59.5 141.0
-25.0 61.75 125.0
-25.0 64.0 135.0
-25.0 66.25 90.0
-25.0 68.5 92.0
-25.0 70.75 92.0
-25.0 73.0 103.0
-25.0 75.25 95.0
-25.0 77.5 102.0
-25.0 79.75 100.0
-25.0 82.0 108.0
-25.0 84.25 112.0
-25.0 86.5 104.0
-25.0 88.75 113.0
-25.0 91.0 122.0
-25.0 93.25 114.0
-25.0 95.5 113.0
-25.0 97.75 110.0
-25.0 100.0 66.0
-20.0 10.0 345.0
-20.0 12.25 302.0
-20.0 14.5 258.0
-20.0 16.75 232.0
-20.0 19.0 215.0
-20.0 21.25 225.0
-20.0 23.5 191.0
-20.0 25.75 173.0
-20.0 28.0 203.0
-20.0 30.25 168.0
-20.0 32.5 184.0
-20.0 34.75 158.0
-20.0 37.0 157.0
-20.0 39.25 176.0
-20.0 41.5 139.0
-20.0 43.75 144.0
-20.0 46.0 147.0
-20.0 48.25 135.0
-20.0 50.5 109.0
-20.0 52.75 112.0
-20.0 55.0 118.0
-20.0 57.25 124.0
-20.0 59.5 116.0
-20.0 61.75 118.0
-20.0 64.0 123.0
-20.0 66.25 87.0
-20.0 68.5 88.0
-20.0 70.75 85.0
-20.0 73.0 93.0
-20.0 75.25 102.0
-20.0 77.5 104.0
-20.0 79.75 110.0
-20.0 82.0 105.0
-20.0 84.25 105.0
-20.0 86.5 103.0
-20.0 88.75 99.0
-20.0 91.0 111.0
-20.0 93.25 112.0
-20.0 95.5 115.0
-20.0 97.75 109.0
-20.0 100.0 54.0
-15.0 10.0 327.0
-15.0 12.25 263.0
-15.0 14.5 219.0
-15.0 16.75 230.0
-15.0 19.0 182.0
-15.0 21.25 208.0
-15.0 23.5 181.0
-15.0 25.75 158.0
-15.0 28.0 159.0
-15.0 30.25 163.0
-15.0 32.5 157.0
-15.0 34.75 142.0
-15.0 37.0 154.0
-15.0 39.25 151.0
-15.0 41.5 122.0
-15.0 43.75 117.0
-15.0 46.0 127.0
-15.0 48.25 120.0
-15.0 50.5 99.0
-15.0 52.75 107.0
-15.0 55.0 113.0
-15.0 57.25 112.0
-15.0 59.5 115.0
-15.0 61.75 127.0
-15.0 64.0 119.0
-15.0 66.25 76.0
-15.0 68.5 82.0
-15.0 70.75 87.0
-15.0 73.0 88.0
-15.0 75.25 86.0
-15.0 77.5 97.0
-15.0 79.75 98.0
-15.0 82.0 90.0
-15.0 84.25 103.0
-15.0 86.5 96.0
-15.0 88.75 109.0
-15.0 91.0 102.0
-15.0 93.25 106.0
-15.0 95.5 102.0
-15.0 97.75 101.0
-15.0 100.0 56.0
-10.0 10.0 273.0
-10.0 12.25 230.0
-10.0 14.5 192.0
-10.0 16.75 184.0
-10.0 19.0 175.0
-10.0 21.25 185.0
-10.0 23.5 138.0
-10.0 25.75 139.0
-10.0 28.0 145.0
-10.0 30.25 144.0
-10.0 32.5 128.0
-10.0 34.75 147.0
-10.0 37.0 137.0
-10.0 39.25 132.0
-10.0 41.5 109.0
-10.0 43.75 117.0
-10.0 46.0 122.0
-10.0 48.25 113.0
-10.0 50.5 92.0
-10.0 52.75 94.0
-10.0 55.0 104.0
-10.0 57.25 104.0
-10.0 59.5 103.0
-10.0 61.75 106.0
-10.0 64.0 109.0
-10.0 66.25 84.0
-10.0 68.5 84.0
-10.0 70.75 72.0
-10.0 73.0 88.0
-10.0 75.25 79.0
-10.0 77.5 86.0
-10.0 79.75 92.0
-10.0 82.0 94.0
-10.0 84.25 97.0
-10.0 86.5 95.0
-10.0 88.75 92.0
-10.0 91.0 98.0
-10.0 93.25 95.0
-10.0 95.5 100.0
-10.0 97.75 107.0
-10.0 100.0 50.0
-5.0 10.0 236.0
-5.0 12.25 194.0
-5.0 14.5 158.0
-5.0 16.75 158.0
-5.0 19.0 145.0
-5.0 21.25 151.0
-5.0 23.5 129.0
-5.0 25.75 137.0
-5.0 28.0 122.0
-5.0 30.25 124.0
-5.0 32.5 117.0
-5.0 34.75 117.0
-5.0 37.0 125.0
-5.0 39.25 128.0
-5.0 41.5 107.0
-5.0 43.75 100.0
-5.0 46.0 106.0
-5.0 48.25 110.0
-5.0 50.5 85.0
-5.0 52.75 86.0
-5.0 55.0 84.0
-5.0 57.25 101.0
-5.0 59.5 106.0
-5.0 61.75 104.0
-5.0 64.0 118.0
-5.0 66.25 74.0
-5.0 68.5 77.0
-5.0 70.75 82.0
-5.0 73.0 84.0
-5.0 75.25 80.0
-5.0 77.5 77.0
-5.0 79.75 92.0
-5.0 82.0 92.0
-5.0 84.25 99.0
-5.0 86.5 96.0
-5.0 88.75 93.0
-5.0 91.0 86.0
-5.0 93.25 92.0
-5.0 95.5 86.0
-5.0 97.75 91.0
-5.0 100.0 49.0
0.0 10.0 178.0
0.0 12.25 160.0
0.0 14.5 124.0
0.0 16.75 128.0
0.0 19.0 130.0
0.0 21.25 131.0
0.0 23.5 98.0
0.0 25.75 118.0
0.0 28.0 122.0
0.0 30.25 106.0
0.0 32.5 97.0
0.0 34.75 109.0
0.0 37.0 100.0
0.0 39.25 120.0
0.0 41.5 96.0
0.0 43.75 93.0
0.0 46.0 106.0
0.0 48.25 98.0
0.0 50.5 87.0
0.0 52.75 74.0
0.0 55.0 88.0
0.0 57.25 89.0
0.0 59.5 87.0
0.0 61.75 98.0
0.0 64.0 100.0
0.0 66.25 75.0
0.0 68.5 55.0
0.0 70.75 70.0
0.0 73.0 71.0
0.0 75.25 83.0
0.0 77.5 80.0
0.0 79.75 87.0
0.0 82.0 81.0
0.0 84.25 88.0
0.0 86.5 83.0
0.0 88.75 88.0
0.0 91.0 95.0
0.0 93.25 98.0
0.0 95.5 87.0
0.0 97.75 99.0
0.0 100.0 54.0
5.0 10.0 143.0
5.0 12.25 161.0
5.0 14.5 126.0
5.0 16.75 137.0
5.0 19.0 111.0
5.0 21.25 130.0
5.0 23.5 108.0
5.0 25.75 100.0
5.0 28.0 113.0
5.0 30.25 114.0
5.0 32.5 112.0
5.0 34.75 90.0
5.0 37.0 105.0
5.0 39.25 102.0
5.0 41.5 90.0
5.0 43.75 110.0
5.0 46.0 89.0
5.0 48.25 94.0
5.0 50.5 66.0
5.0 52.75 71.0
5.0 55.0 84.0
5.0 57.25 89.0
5.0 59.5 89.0
5.0 61.75 85.0
5.0 64.0 89.0
5.0 66.25 64.0
5.0 68.5 55.0
5.0 70.75 62.0
5.0 73.0 69.0
5.0 75.25 57.0
5.0 77.5 75.0
5.0 79.75 75.0
5.0 82.0 80.0
5.0 84.25 82.0
5.0 86.5 82.0
5.0 88.75 88.0
5.0 91.0 88.0
5.0 93.25 90.0
5.0 95.5 84.0
5.0 97.75 86.0
5.0 100.0 44.0
10.0 10.0 93.0
10.0 12.25 106.0
10.0 14.5 108.0
10.0 16.75 93.0
10.0 19.0 103.0
10.0 21.25 118.0
10.0 23.5 99.0
10.0 25.75 77.0
10.0 28.0 109.0
10.0 30.25 88.0
10.0 32.5 104.0
10.0 34.75 91.0
10.0 37.0 102.0
10.0 39.25 104.0
10.0 41.5 84.0
10.0 43.75 94.0
10.0 46.0 95.0
10.0 48.25 78.0
10.0 50.5 65.0
10.0 52.75 74.0
10.0 55.0 73.0
10.0 57.25 84.0
10.0 59.5 93.0
10.0 61.75 87.0
10.0 64.0 78.0
10.0 66.25 60.0
10.0 68.5 61.0
10.0 70.75 63.0
10.0 73.0 72.0
10.0 75.25 70.0
10.0 77.5 78.0
10.0 79.75 73.0
10.0 82.0 73.0
10.0 84.25 80.0
10.0 86.5 85.0
10.0 88.75 90.0
10.0 91.0 74.0
10.0 93.25 85.0
10.0 95.5 78.0
10.0 97.75 80.0
10.0 100.0 47.0
15.0 10.0 148.0
15.0 12.25 122.0
15.0 14.5 96.0
15.0 16.75 88.0
15.0 19.0 72.0
15.0 21.25 96.0
15.0 23.5 86.0
15.0 25.75 65.0
15.0 28.0 93.0
15.0 30.25 81.0
15.0 32.5 102.0
15.0 34.75 67.0
15.0 37.0 74.0
15.0 39.25 91.0
15.0 41.5 78.0
15.0 43.75 84.0
15.0 46.0 81.0
15.0 48.25 78.0
15.0 50.5 60.0
15.0 52.75 65.0
15.0 55.0 62.0
15.0 57.25 64.0
15.0 59.5 76.0
15.0 61.75 66.0
15.0 64.0 87.0
15.0 66.25 51.0
15.0 68.5 62.0
15.0 70.75 63.0
15.0 73.0 63.0
15.0 75.25 61.0
15.0 77.5 73.0
15.0 79.75 62.0
15.0 82.0 75.0
15.0 84.25 74.0
15.0 86.5 71.0
15.0 88.75 70.0
15.0 91.0 73.0
15.0 93.25 80.0
15.0 95.5 73.0
15.0 97.75 68.0
15.0 100.0 39.0
20.0 10.0 191.0
20.0 12.25 152.0
20.0 14.5 125.0
20.0 16.75 72.0
20.0 19.0 75.0
20.0 21.25 62.0
20.0 23.5 62.0
20.0 25.75 53.0
20.0 28.0 70.0
20.0 30.25 60.0
20.0 32.5 68.0
20.0 34.75 63.0
20.0 37.0 69.0
20.0 39.25 76.0
20.0 41.5 74.0
20.0 43.75 68.0
20.0 46.0 68.0
20.0 48.25 59.0
20.0 50.5 45.0
20.0 52.75 59.0
20.0 55.0 68.0
20.0 57.25 64.0
20.0 59.5 62.0
20.0 61.75 74.0
20.0 64.0 66.0
20.0 66.25 47.0
20.0 68.5 53.0
20.0 70.75 60.0
20.0 73.0 53.0
20.0 75.25 60.0
20.0 77.5 60.0
20.0 79.75 63.0
20.0 82.0 59.0
20.0 84.25 62.0
20.0 86.5 69.0
20.0 88.75 65.0
20.0 91.0 76.0
20.0 93.25 71.0
20.0 95.5 69.0
20.0 97.75 78.0
20.0 100.0 36.0
25.0 10.0 223.0
25.0 12.25 189.0
25.0 14.5 147.0
25.0 16.75 113.0
25.0 19.0 83.0
25.0 21.25 62.0
25.0 23.5 66.0
25.0 25.75 50.0
25.0 28.0 61.0
25.0 30.25 39.0
25.0 32.5 61.0
25.0 34.75 35.0
25.0 37.0 64.0
25.0 39.25 52.0
25.0 41.5 63.0
25.0 43.75 58.0
25.0 46.0 56.0
25.0 48.25 49.0
25.0 50.5 37.0
25.0 52.75 50.0
25.0 55.0 56.0
25.0 57.25 58.0
25.0 59.5 59.0
25.0 61.75 55.0
25.0 64.0 63.0
25.0 66.25 43.0
25.0 68.5 44.0
25.0 70.75 47.0
25.0 73.0 57.0
25.0 75.25 47.0
25.0 77.5 52.0
25.0 79.75 55.0
25.0 82.0 51.0
25.0 84.25 60.0
25.0 86.5 62.0
25.0 88.75 67.0
25.0 91.0 66.0
25.0 93.25 68.0
25.0 95.5 61.0
25.0 97.75 70.0
25.0 100.0 31.0
30.0 10.0 283.0
30.0 12.25 232.0
30.0 14.5 195.0
30.0 16.75 130.0
30.0 19.0 109.0
30.0 21.25 92.0
30.0 23.5 66.0
30.0 25.75 49.0
30.0 28.0 54.0
30.0 30.25 31.0
30.0 32.5 48.0
30.0 34.75 37.0
30.0 37.0 49.0
30.0 39.25 49.0
30.0 41.5 53.0
30.0 43.75 55.0
30.0 46.0 44.0
30.0 48.25 47.0
30.0 50.5 30.0
30.0 52.75 43.0
30.0 55.0 42.0
30.0 57.25 50.0
30.0 59.5 44.0
30.0 61.75 50.0
30.0 64.0 52.0
30.0 66.25 35.0
30.0 68.5 40.0
30.0 70.75 40.0
30.0 73.0 44.0
30.0 75.25 47.0
30.0 77.5 52.0
30.0 79.75 50.0
30.0 82.0 50.0
30.0 84.25 61.0
30.0 86.5 66.0
30.0 88.75 54.0
30.0 91.0 60.0
30.0 93.25 68.0
30.0 95.5 68.0
30.0 97.75 63.0
30.0 100.0 36.0
35.0 10.0 322.0
35.0 12.25 266.0
35.0 14.5 221.0
35.0 16.75 164.0
35.0 19.0 154.0
35.0 21.25 110.0
35.0 23.5 99.0
35.0 25.75 64.0
35.0 28.0 59.0
35.0 30.25 42.0
35.0 32.5 37.0
35.0 34.75 35.0
35.0 37.0 37.0
35.0 39.25 37.0
35.0 41.5 42.0
35.0 43.75 32.0
35.0 46.0 39.0
35.0 48.25 44.0
35.0 50.5 42.0
35.0 52.75 43.0
35.0 55.0 32.0
35.0 57.25 58.0
35.0 59.5 55.0
35.0 61.75 58.0
35.0 64.0 48.0
35.0 66.25 32.0
35.0 68.5 33.0
35.0 70.75 40.0
35.0 73.0 46.0
35.0 75.25 40.0
35.0 77.5 51.0
35.0 79.75 47.0
35.0 82.0 44.0
35.0 84.25 48.0
35.0 86.5 50.0
35.0 88.75 54.0
35.0 91.0 66.0
35.0 93.25 41.0
35.0 95.5 54.0
35.0 97.75 55.0
35.0 100.0 30.0
40.0 10.0 355.0
40.0 12.25 310.0
40.0 14.5 244.0
40.0 16.75 192.0
40.0 19.0 156.0
40.0 21.25 128.0
40.0 23.5 113.0
40.0 25.75 90.0
40.0 28.0 90.0
40.0 30.25 59.0
40.0 32.5 61.0
40.0 34.75 38.0
40.0 37.0 35.0
40.0 39.25 33.0
40.0 41.5 24.0
40.0 43.75 38.0
40.0 46.0 28.0
40.0 48.25 41.0
40.0 50.5 29.0
40.0 52.75 36.0
40.0 55.0 33.0
40.0 57.25 42.0
40.0 59.5 50.0
40.0 61.75 49.0
40.0 64.0 48.0
40.0 66.25 34.0
40.0 68.5 36.0
40.0 70.75 38.0
40.0 73.0 34.0
40.0 75.25 33.0
40.0 77.5 50.0
40.0 79.75 44.0
40.0 82.0 41.0
40.0 84.25 43.0
40.0 86.5 46.0
40.0 88.75 53.0
40.0 91.0 61.0
40.0 93.25 59.0
40.0 95.5 48.0
40.0 97.75 62.0
40.0 100.0 31.0
45.0 10.0 394.0
45.0 12.25 328.0
45.0 14.5 271.0
45.0 16.75 218.0
45.0 19.0 192.0
45.0 21.25 145.0
45.0 23.5 148.0
45.0 25.75 109.0
45.0 28.0 79.0
45.0 30.25 69.0
45.0 32.5 76.0
45.0 34.75 46.0
45.0 37.0 44.0
45.0 39.25 34.0
45.0 41.5 30.0
45.0 43.75 28.0
45.0 46.0 15.0
45.0 48.25 26.0
45.0 50.5 20.0
45.0 52.75 27.0
45.0 55.0 34.0
45.0 57.25 29.0
45.0 59.5 36.0
45.0 61.75 33.0
45.0 64.0 39.0
45.0 66.25 21.0
45.0 68.5 24.0
45.0 70.75 25.0
45.0 73.0 30.0
45.0 75.25 28.0
45.0 77.5 48.0
45.0 79.75 39.0
45.0 82.0 41.0
45.0 84.25 39.0
45.0 86.5 46.0
45.0 88.75 44.0
45.0 91.0 46.0
45.0 93.25 53.0
45.0 95.5 47.0
45.0 97.75 50.0
45.0 100.0 32.0
50.0 10.0 389.0
50.0 12.25 335.0
50.0 14.5 269.0
50.0 16.75 222.0
50.0 19.0 181.0
50.0 21.25 146.0
50.0 23.5 130.0
50.0 25.75 97.0
50.0 28.0 102.0
50.0 30.25 71.0
50.0 32.5 86.0
50.0 34.75 54.0
50.0 37.0 63.0
50.0 39.25 54.0
50.0 41.5 31.0
50.0 43.75 38.0
50.0 46.0 30.0
50.0 48.25 30.0
50.0 50.5 21.0
50.0 52.75 18.0
50.0 55.0 18.0
50.0 57.25 31.0
50.0 59.5 28.0
50.0 61.75 31.0
50.0 64.0 35.0
50.0 66.25 23.0
50.0 68.5 28.0
50.0 70.75 28.0
50.0 73.0 35.0
50.0 75.25 39.0
50.0 77.5 37.0
50.0 79.75 37.0
50.0 82.0 39.0
50.0 84.25 44.0
50.0 86.5 39.0
50.0 88.75 45.0
50.0 91.0 42.0
50.0 93.25 39.0
50.0 95.5 49.0
50.0 97.75 45.0
50.0 100.0 24.0
55.0 10.0 446.0
55.0 12.25 393.0
55.0 14.5 310.0
55.0 16.75 234.0
55.0 19.0 209.0
55.0 21.25 164.0
55.0 23.5 149.0
55.0 25.75 124.0
55.0 28.0 124.0
55.0 30.25 77.0
55.0 32.5 101.0
55.0 34.75 76.0
55.0 37.0 74.0
55.0 39.25 60.0
55.0 41.5 46.0
55.0 43.75 48.0
55.0 46.0 41.0
55.0 48.25 42.0
55.0 50.5 18.0
55.0 52.75 18.0
55.0 55.0 16.0
55.0 57.25 25.0
55.0 59.5 14.0
55.0 61.75 24.0
55.0 64.0 34.0
55.0 66.25 19.0
55.0 68.5 24.0
55.0 70.75 22.0
55.0 73.0 28.0
55.0 75.25 32.0
55.0 77.5 30.0
55.0 79.75 37.0
55.0 82.0 31.0
55.0 84.25 35.0
55.0 86.5 37.0
55.0 88.75 43.0
55.0 91.0 40.0
55.0 93.25 41.0
55.0 95.5 38.0
55.0 97.75 37.0
55.0 100.0 25.0
60.0 10.0 520.0
60.0 12.25 412.0
60.0 14.5 374.0
60.0 16.75 264.0
60.0 19.0 228.0
60.0 21.25 190.0
60.0 23.5 159.0
60.0 25.75 126.0
60.0 28.0 133.0
60.0 30.25 106.0
60.0 32.5 111.0
60.0 34.75 76.0
60.0 37.0 76.0
60.0 39.25 73.0
60.0 41.5 57.0
60.0 43.75 58.0
60.0 46.0 53.0
60.0 48.25 48.0
60.0 50.5 30.0
60.0 52.75 25.0
60.0 55.0 24.0
60.0 57.25 28.0
60.0 59.5 17.0
60.0 61.75 18.0
60.0 64.0 22.0
60.0 66.25 20.0
60.0 68.5 15.0
60.0 70.75 19.0
60.0 73.0 24.0
60.0 75.25 26.0
60.0 77.5 31.0
60.0 79.75 31.0
60.0 82.0 24.0
60.0 84.25 35.0
60.0 86.5 31.0
60.0 88.75 34.0
60.0 91.0 36.0
60.0 93.25 38.0
60.0 95.5 35.0
60.0 97.75 30.0
60.0 100.0 20.0
65.0 10.0 567.0
65.0 12.25 476.0
65.0 14.5 383.0
65.0 16.75 301.0
65.0 19.0 265.0
65.0 21.25 226.0
65.0 23.5 195.0
65.0 25.75 159.0
65.0 28.0 131.0
65.0 30.25 118.0
65.0 32.5 123.0
65.0 34.75 77.0
65.0 37.0 77.0
65.0 39.25 76.0
65.0 41.5 61.0
65.0 43.75 59.0
65.0 46.0 43.0
65.0 48.25 62.0
65.0 50.5 37.0
65.0 52.75 35.0
65.0 55.0 27.0
65.0 57.25 31.0
65.0 59.5 24.0
65.0 61.75 20.0
65.0 64.0 19.0
65.0 66.25 16.0
65.0 68.5 12.0
65.0 70.75 16.0
65.0 73.0 20.0
65.0 75.25 19.0
65.0 77.5 21.0
65.0 79.75 25.0
65.0 82.0 21.0
65.0 84.25 32.0
65.0 86.5 27.0
65.0 88.75 34.0
65.0 91.0 37.0
65.0 93.25 35.0
65.0 95.5 34.0
65.0 97.75 31.0
65.0 100.0 17.0
70.0 10.0 588.0
70.0 12.25 480.0
70.0 14.5 409.0
70.0 16.75 323.0
70.0 19.0 284.0
70.0 21.25 248.0
70.0 23.5 192.0
70.0 25.75 170.0
70.0 28.0 168.0
70.0 30.25 120.0
70.0 32.5 128.0
70.0 34.75 84.0
70.0 37.0 99.0
70.0 39.25 79.0
70.0 41.5 73.0
70.0 43.75 68.0
70.0 46.0 59.0
70.0 48.25 62.0
70.0 50.5 40.0
70.0 52.75 46.0
70.0 55.0 42.0
70.0 57.25 35.0
70.0 59.5 32.0
70.0 61.75 30.0
70.0 64.0 26.0
70.0 66.25 11.0
70.0 68.5 16.0
70.0 70.75 14.0
70.0 73.0 13.0
70.0 75.25 18.0
70.0 77.5 15.0
70.0 79.75 16.0
70.0 82.0 18.0
70.0 84.25 29.0
70.0 86.5 23.0
70.0 88.75 31.0
70.0 91.0 28.0
70.0 93.25 27.0
70.0 95.5 24.0
70.0 97.75 26.0
70.0 100.0 16.0
75.0 10.0 651.0
75.0 12.25 552.0
75.0 14.5 405.0
75.0 16.75 323.0
75.0 19.0 316.0
75.0 21.25 269.0
75.0 23.5 221.0
75.0 25.75 190.0
75.0 28.0 200.0
75.0 30.25 143.0
75.0 32.5 127.0
75.0 34.75 106.0
75.0 37.0 114.0
75.0 39.25 102.0
75.0 41.5 71.0
75.0 43.75 80.0
75.0 46.0 63.0
75.0 48.25 77.0
75.0 50.5 47.0
75.0 52.75 56.0
75.0 55.0 42.0
75.0 57.25 47.0
75.0 59.5 34.0
75.0 61.75 29.0
75.0 64.0 29.0
75.0 66.25 20.0
75.0 68.5 23.0
75.0 70.75 14.0
75.0 73.0 11.0
75.0 75.25 8.0
75.0 77.5 16.0
75.0 79.75 13.0
75.0 82.0 19.0
75.0 84.25 20.0
75.0 86.5 20.0
75.0 88.75 22.0
75.0 91.0 26.0
75.0 93.25 21.0
75.0 95.5 24.0
75.0 97.75 22.0
75.0 100.0 14.0
80.0 10.0 685.0
80.0 12.25 591.0
80.0 14.5 484.0
80.0 16.75 377.0
80.0 19.0 354.0
80.0 21.25 298.0
80.0 23.5 242.0
80.0 25.75 206.0
80.0 28.0 204.0
80.0 30.25 156.0
80.0 32.5 153.0
80.0 34.75 123.0
80.0 37.0 112.0
80.0 39.25 102.0
80.0 41.5 85.0
80.0 43.75 90.0
80.0 46.0 84.0
80.0 48.25 91.0
80.0 50.5 56.0
80.0 52.75 60.0
80.0 55.0 45.0
80.0 57.25 48.0
80.0 59.5 46.0
80.0 61.75 40.0
80.0 64.0 31.0
80.0 66.25 23.0
80.0 68.5 25.0
80.0 70.75 19.0
80.0 73.0 16.0
80.0 75.25 19.0
80.0 77.5 13.0
80.0 79.75 12.0
80.0 82.0 15.0
80.0 84.25 14.0
80.0 86.5 18.0
80.0 88.75 18.0
80.0 91.0 18.0
80.0 93.25 11.0
80.0 95.5 23.0
80.0 97.75 22.0
80.0 100.0 13.0
85.0 10.0 724.0
85.0 12.25 627.0
85.0 14.5 513.0
85.0 16.75 377.0
85.0 19.0 355.0
85.0 21.25 312.0
85.0 23.5 270.0
85.0 25.75 223.0
85.0 28.0 210.0
85.0 30.25 177.0
85.0 32.5 182.0
85.0 34.75 131.0
85.0 37.0 125.0
85.0 39.25 107.0
85.0 41.5 100.0
85.0 43.75 98.0
85.0 46.0 93.0
85.0 48.25 94.0
85.0 50.5 64.0
85.0 52.75 73.0
85.0 55.0 60.0
85.0 57.25 54.0
85.0 59.5 49.0
85.0 61.75 48.0
85.0 64.0 37.0
85.0 66.25 27.0
85.0 68.5 26.0
85.0 70.75 23.0
85.0 73.0 27.0
85.0 75.25 15.0
85.0 77.5 20.0
85.0 79.75 15.0
85.0 82.0 11.0
85.0 84.25 20.0
85.0 86.5 15.0
85.0 88.75 15.0
85.0 91.0 15.0
85.0 93.25 16.0
85.0 95.5 15.0
85.0 97.75 16.0
85.0 100.0 9.0
90.0 10.0 791.0
90.0 12.25 656.0
90.0 14.5 499.0
90.0 16.75 428.0
90.0 19.0 400.0
90.0 21.25 316.0
90.0 23.5 279.0
90.0 25.75 233.0
90.0 28.0 218.0
90.0 30.25 180.0
90.0 32.5 174.0
90.0 34.75 147.0
90.0 37.0 144.0
90.0 39.25 144.0
90.0 41.5 115.0
90.0 43.75 112.0
90.0 46.0 104.0
90.0 48.25 113.0
90.0 50.5 83.0
90.0 52.75 73.0
90.0 55.0 59.0
90.0 57.25 67.0
90.0 59.5 56.0
90.0 61.75 64.0
90.0 64.0 45.0
90.0 66.25 36.0
90.0 68.5 33.0
90.0 70.75 28.0
90.0 73.0 28.0
90.0 75.25 25.0
90.0 77.5 18.0
90.0 79.75 17.0
90.0 82.0 21.0
90.0 84.25 15.0
90.0 86.5 14.0
90.0 88.75 8.0
90.0 91.0 9.0
90.0 93.25 11.0
90.0 95.5 7.0
90.0 97.75 10.0
90.0 100.0 8.0
95.0 10.0 787.0
95.0 12.25 657.0
95.0 14.5 521.0
95.0 16.75 441.0
95.0 19.0 373.0
95.0 21.25 298.0
95.0 23.5 291.0
95.0 25.75 232.0
95.0 28.0 234.0
95.0 30.25 189.0
95.0 32.5 201.0
95.0 34.75 142.0
95.0 37.0 148.0
95.0 39.25 133.0
95.0 41.5 111.0
95.0 43.75 96.0
95.0 46.0 93.0
95.0 48.25 113.0
95.0 50.5 74.0
95.0 52.75 65.0
95.0 55.0 62.0
95.0 57.25 67.0
95.0 59.5 59.0
95.0 61.75 65.0
95.0 64.0 53.0
95.0 66.25 37.0
95.0 68.5 28.0
95.0 70.75 31.0
95.0 73.0 34.0
95.0 75.25 24.0
95.0 77.5 25.0
95.0 79.75 22.0
95.0 82.0 20.0
95.0 84.25 18.0
95.0 86.5 20.0
95.0 88.75 8.0
95.0 91.0 8.0
95.0 93.25 11.0
95.0 95.5 12.0
95.0 97.75 8.0
95.0 100.0 8.0
100.0 10.0 840.0
100.0 12.25 695.0
100.0 14.5 555.0
100.0 16.75 477.0
100.0 19.0 438.0
100.0 21.25 329.0
100.0 23.5 328.0
100.0 25.75 252.0
100.0 28.0 247.0
100.0 30.25 198.0
100.0 32.5 213.0
100.0 34.75 146.0
100.0 37.0 155.0
100.0 39.25 147.0
100.0 41.5 116.0
100.0 43.75 119.0
100.0 46.0 103.0
100.0 48.25 115.0
100.0 50.5 74.0
100.0 52.75 88.0
100.0 55.0 72.0
100.0 57.25 73.0
100.0 59.5 59.0
100.0 61.75 69.0
100.0 64.0 58.0
100.0 66.25 42.0
100.0 68.5 37.0
100.0 70.75 44.0
100.0 73.0 25.0
100.0 75.25 31.0
100.0 77.5 25.0
100.0 79.75 21.0
100.0 82.0 23.0
100.0 84.25 19.0
100.0 86.5 22.0
100.0 88.75 14.0
100.0 91.0 14.0
100.0 93.25 17.0
100.0 95.5 19.0
100.0 97.75 16.0
100.0 100.0 3.0
