-50.0 10.0 381.0
-50.0 12.25 322.0
-50.0 14.5 296.0
-50.0 16.75 226.0
-50.0 19.0 221.0
-50.0 21.25 217.0
-50.0 23.5 177.0
-50.0 25.75 163.0
-50.0 28.0 178.0
-50.0 30.25 156.0
-50.0 32.5 173.0
-50.0 34.75 143.0
-50.0 37.0 132.0
-50.0 39.25 149.0
-50.0 41.5 129.0
-50.0 43.75 122.0
-50.0 46.0 118.0
-50.0 48.25 112.0
-50.0 50.5 93.0
-50.0 52.75 101.0
-50.0 55.0 103.0
-50.0 57.25 107.0
-50.0 59.5 100.0
-50.0 61.75 105.0
-50.0 64.0 102.0
-50.0 66.25 77.0
-50.0 68.5 83.0
-50.0 70.75 82.0
-50.0 73.0 74.0
-50.0 75.25 79.0
-50.0 77.5 80.0
-50.0 79.75 94.0
-50.0 82.0 92.0
-50.0 84.25 99.0
-50.0 86.5 94.0
-50.0 88.75 89.0
-50.0 91.0 81.0
-50.0 93.25 83.0
-50.0 95.5 89.0
-50.0 97.75 89.0
-50.0 100.0 42.0
-47.5 10.0 399.0
-47.5 12.25 290.0
-47.5 14.5 251.0
-47.5 16.75 234.0
-47.5 19.0 224.0
-47.5 21.25 183.0
-47.5 23.5 181.0
-47.5 25.75 166.0
-47.5 28.0 158.0
-47.5 30.25 153.0
-47.5 32.5 153.0
-47.5 34.75 130.0
-47.5 37.0 131.0
-47.5 39.25 155.0
-47.5 41.5 114.0
-47.5 43.75 113.0
-47.5 46.0 125.0
-47.5 48.25 109.0
-47.5 50.5 98.0
-47.5 52.75 95.0
-47.5 55.0 91.0
-47.5 57.25 93.0
-47.5 59.5 104.0
-47.5 61.75 114.0
-47.5 64.0 100.0
-47.5 66.25 67.0
-47.5 68.5 72.0
-47.5 70.75 68.0
-47.5 73.0 78.0
-47.5 75.25 78.0
-47.5 77.5 85.0
-47.5 79.75 77.0
-47.5 82.0 85.0
-47.5 84.25 75.0
-47.5 86.5 89.0
-47.5 88.75 84.0
-47.5 91.0 96.0
-47.5 93.25 78.0
-47.5 95.5 81.0
-47.5 97.75 94.0
-47.5 100.0 44.0
-45.0 10.0 390.0
-45.0 12.25 348.0
-45.0 14.5 272.0
-45.0 16.75 260.0
-45.0 19.0 228.0
-45.0 21.25 209.0
-45.0 23.5 196.0
-45.0 25.75 204.0
-45.0 28.0 169.0
-45.0 30.25 153.0
-45.0 32.5 163.0
-45.0 34.75 153.0
-45.0 37.0 169.0
-45.0 39.25 136.0
-45.0 41.5 122.0
-45.0 43.75 119.0
-45.0 46.0 126.0
-45.0 48.25 136.0
-45.0 50.5 90.0
-45.0 52.75 98.0
-45.0 55.0 101.0
-45.0 57.25 106.0
-45.0 59.5 107.0
-45.0 61.75 105.0
-45.0 64.0 114.0
-45.0 66.25 84.0
-45.0 68.5 78.0
-45.0 70.75 77.0
-45.0 73.0 86.0
-45.0 75.25 75.0
-45.0 77.5 83.0
-45.0 79.75 87.0
-45.0 82.0 70.0
-45.0 84.25 77.0
-45.0 86.5 90.0
-45.0 88.75 112.0
-45.0 91.0 103.0
-45.0 93.25 89.0
-45.0 95.5 84.0
-45.0 97.75 97.0
-45.0 100.0 45.0
-42.5 10.0 366.0
-42.5 12.25 323.0
-42.5 14.5 249.0
-42.5 16.75 252.0
-42.5 19.0 201.0
-42.5 21.25 192.0
-42.5 23.5 178.0
-42.5 25.75 160.0
-42.5 28.0 163.0
-42.5 30.25 156.0
-42.5 32.5 155.0
-42.5 34.75 135.0
-42.5 37.0 137.0
-42.5 39.25 137.0
-42.5 41.5 124.0
-42.5 43.75 120.0
-42.5 46.0 123.0
-42.5 48.25 121.0
-42.5 50.5 93.0
-42.5 52.75 94.0
-42.5 55.0 93.0
-42.5 57.25 101.0
-42.5 59.5 107.0
-42.5 61.75 96.0
-42.5 64.0 105.0
-42.5 66.25 69.0
-42.5 68.5 74.0
-42.5 70.75 70.0
-42.5 73.0 71.0
-42.5 75.25 83.0
-42.5 77.5 75.0
-42.5 79.75 79.0
-42.5 82.0 70.0
-42.5 84.25 95.0
-42.5 86.5 75.0
-42.5 88.75 95.0
-42.5 91.0 94.0
-42.5 93.25 83.0
-42.5 95.5 91.0
-42.5 97.75 100.0
-42.5 100.0 54.0
-40.0 10.0 366.0
-40.0 12.25 295.0
-40.0 14.5 282.0
-40.0 16.75 241.0
-40.0 19.0 201.0
-40.0 21.25 198.0
-40.0 23.5 187.0
-40.0 25.75 177.0
-40.0 28.0 178.0
-40.0 30.25 166.0
-40.0 32.5 154.0
-40.0 34.75 133.0
-40.0 37.0 130.0
-40.0 39.25 140.0
-40.0 41.5 116.0
-40.0 43.75 113.0
-40.0 46.0 128.0
-40.0 48.25 139.0
-40.0 50.5 87.0
-40.0 52.75 99.0
-40.0 55.0 86.0
-40.0 57.25 99.0
-40.0 59.5 98.0
-40.0 61.75 107.0
-40.0 64.0 100.0
-40.0 66.25 67.0
-40.0 68.5 61.0
-40.0 70.75 70.0
-40.0 73.0 83.0
-40.0 75.25 65.0
-40.0 77.5 73.0
-40.0 79.75 72.0
-40.0 82.0 73.0
-40.0 84.25 85.0
-40.0 86.5 80.0
-40.0 88.75 80.0
-40.0 91.0 91.0
-40.0 93.25 84.0
-40.0 95.5 92.0
-40.0 97.75 96.0
-40.0 100.0 50.0
-37.5 10.0 316.0
-37.5 12.25 302.0
-37.5 14.5 233.0
-37.5 16.75 205.0
-37.5 19.0 168.0
-37.5 21.25 179.0
-37.5 23.5 170.0
-37.5 25.75 153.0
-37.5 28.0 151.0
-37.5 30.25 154.0
-37.5 32.5 132.0
-37.5 34.75 125.0
-37.5 37.0 133.0
-37.5 39.25 135.0
-37.5 41.5 119.0
-37.5 43.75 99.0
-37.5 46.0 115.0
-37.5 48.25 102.0
-37.5 50.5 75.0
-37.5 52.75 101.0
-37.5 55.0 98.0
-37.5 57.25 93.0
-37.5 59.5 99.0
-37.5 61.75 106.0
-37.5 64.0 96.0
-37.5 66.25 72.0
-37.5 68.5 67.0
-37.5 70.75 63.0
-37.5 73.0 76.0
-37.5 75.25 76.0
-37.5 77.5 79.0
-37.5 79.75 79.0
-37.5 82.0 73.0
-37.5 84.25 72.0
-37.5 86.5 87.0
-37.5 88.75 85.0
-37.5 91.0 81.0
-37.5 93.25 76.0
-37.5 95.5 92.0
-37.5 97.75 91.0
-37.5 100.0 45.0
-35.0 10.0 353.0
-35.0 12.25 279.0
-35.0 14.5 217.0
-35.0 16.75 214.0
-35.0 19.0 192.0
-35.0 21.25 199.0
-35.0 23.5 163.0
-35.0 25.75 142.0
-35.0 28.0 151.0
-35.0 30.25 169.0
-35.0 32.5 120.0
-35.0 34.75 116.0
-35.0 37.0 132.0
-35.0 39.25 133.0
-35.0 41.5 95.0
-35.0 43.75 103.0
-35.0 46.0 114.0
-35.0 48.25 114.0
-35.0 50.5 88.0
-35.0 52.75 83.0
-35.0 55.0 84.0
-35.0 57.25 98.0
-35.0 59.5 98.0
-35.0 61.75 105.0
-35.0 64.0 95.0
-35.0 66.25 60.0
-35.0 68.5 63.0
-35.0 70.75 73.0
-35.0 73.0 68.0
-35.0 75.25 74.0
-35.0 77.5 55.0
-35.0 79.75 88.0
-35.0 82.0 86.0
-35.0 84.25 89.0
-35.0 86.5 82.0
-35.0 88.75 84.0
-35.0 91.0 85.0
-35.0 93.25 86.0
-35.0 95.5 87.0
-35.0 97.75 91.0
-35.0 100.0 47.0
-32.5 10.0 330.0
-32.5 12.25 247.0
-32.5 14.5 202.0
-32.5 16.75 213.0
-32.5 19.0 161.0
-32.5 21.25 162.0
-32.5 23.5 159.0
-32.5 25.75 141.0
-32.5 28.0 150.0
-32.5 30.25 135.0
-32.5 32.5 133.0
-32.5 34.75 106.0
-32.5 37.0 123.0
-32.5 39.25 135.0
-32.5 41.5 125.0
-32.5 43.75 89.0
-32.5 46.0 117.0
-32.5 48.25 93.0
-32.5 50.5 78.0
-32.5 52.75 85.0
-32.5 55.0 85.0
-32.5 57.25 88.0
-32.5 59.5 103.0
-32.5 61.75 98.0
-32.5 64.0 100.0
-32.5 66.25 74.0
-32.5 68.5 69.0
-32.5 70.75 73.0
-32.5 73.0 62.0
-32.5 75.25 63.0
-32.5 77.5 74.0
-32.5 79.75 81.0
-32.5 82.0 76.0
-32.5 84.25 79.0
-32.5 86.5 82.0
-32.5 88.75 93.0
-32.5 91.0 72.0
-32.5 93.25 80.0
-32.5 95.5 75.0
-32.5 97.75 76.0
-32.5 100.0 37.0
-30.0 10.0 305.0
-30.0 12.25 290.0
-30.0 14.5 215.0
-30.0 16.75 189.0
-30.0 19.0 165.0
-30.0 21.25 182.0
-30.0 23.5 158.0
-30.0 25.75 142.0
-30.0 28.0 139.0
-30.0 30.25 133.0
-30.0 32.5 136.0
-30.0 34.75 127.0
-30.0 37.0 115.0
-30.0 39.25 126.0
-30.0 41.5 107.0
-30.0 43.75 100.0
-30.0 46.0 96.0
-30.0 48.25 108.0
-30.0 50.5 84.0
-30.0 52.75 83.0
-30.0 55.0 86.0
-30.0 57.25 81.0
-30.0 59.5 87.0
-30.0 61.75 94.0
-30.0 64.0 91.0
-30.0 66.25 65.0
-30.0 68.5 56.0
-30.0 70.75 71.0
-30.0 73.0 63.0
-30.0 75.25 63.0
-30.0 77.5 64.0
-30.0 79.75 74.0
-30.0 82.0 71.0
-30.0 84.25 81.0
-30.0 86.5 76.0
-30.0 88.75 92.0
-30.0 91.0 79.0
-30.0 93.25 88.0
-30.0 95.5 80.0
-30.0 97.75 78.0
-30.0 100.0 44.0
-27.5 10.0 235.0
-27.5 12.25 256.0
-27.5 14.5 191.0
-27.5 16.75 162.0
-27.5 19.0 140.0
-27.5 21.25 150.0
-27.5 23.5 149.0
-27.5 25.75 146.0
-27.5 28.0 133.0
-27.5 30.25 129.0
-27.5 32.5 124.0
-27.5 34.75 117.0
-27.5 37.0 113.0
-27.5 39.25 109.0
-27.5 41.5 103.0
-27.5 43.75 100.0
-27.5 46.0 94.0
-27.5 48.25 95.0
-27.5 50.5 81.0
-27.5 52.75 58.0
-27.5 55.0 84.0
-27.5 57.25 82.0
-27.5 59.5 89.0
-27.5 61.75 90.0
-27.5 64.0 95.0
-27.5 66.25 66.0
-27.5 68.5 70.0
-27.5 70.75 59.0
-27.5 73.0 78.0
-27.5 75.25 67.0
-27.5 77.5 71.0
-27.5 79.75 73.0
-27.5 82.0 75.0
-27.5 84.25 76.0
-27.5 86.5 77.0
-27.5 88.75 85.0
-27.5 91.0 73.0
-27.5 93.25 77.0
-27.5 95.5 73.0
-27.5 97.75 64.0
-27.5 100.0 38.0
-25.0 10.0 273.0
-25.0 12.25 252.0
-25.0 14.5 205.0
-25.0 16.75 182.0
-25.0 19.0 167.0
-25.0 21.25 157.0
-25.0 23.5 156.0
-25.0 25.75 117.0
-25.0 28.0 145.0
-25.0 30.25 142.0
-25.0 32.5 130.0
-25.0 34.75 115.0
-25.0 37.0 122.0
-25.0 39.25 117.0
-25.0 41.5 90.0
-25.0 43.75 93.0
-25.0 46.0 100.0
-25.0 48.25 93.0
-25.0 50.5 67.0
-25.0 52.75 75.0
-25.0 55.0 82.0
-25.0 57.25 88.0
-25.0 59.5 98.0
-25.0 61.75 87.0
-25.0 64.0 92.0
-25.0 66.25 69.0
-25.0 68.5 58.0
-25.0 70.75 66.0
-25.0 73.0 65.0
-25.0 75.25 59.0
-25.0 77.5 62.0
-25.0 79.75 79.0
-25.0 82.0 72.0
-25.0 84.25 73.0
-25.0 86.5 74.0
-25.0 88.75 86.0
-25.0 91.0 68.0
-25.0 93.25 73.0
-25.0 95.5 74.0
-25.0 97.75 78.0
-25.0 100.0 42.0
-22.5 10.0 268.0
-22.5 12.25 218.0
-22.5 14.5 162.0
-22.5 16.75 151.0
-22.5 19.0 135.0
-22.5 21.25 143.0
-22.5 23.5 126.0
-22.5 25.75 133.0
-22.5 28.0 114.0
-22.5 30.25 115.0
-22.5 32.5 116.0
-22.5 34.75 98.0
-22.5 37.0 102.0
-22.5 39.25 108.0
-22.5 41.5 91.0
-22.5 43.75 91.0
-22.5 46.0 103.0
-22.5 48.25 91.0
-22.5 50.5 70.0
-22.5 52.75 69.0
-22.5 55.0 70.0
-22.5 57.25 83.0
-22.5 59.5 88.0
-22.5 61.75 77.0
-22.5 64.0 78.0
-22.5 66.25 50.0
-22.5 68.5 59.0
-22.5 70.75 56.0
-22.5 73.0 65.0
-22.5 75.25 69.0
-22.5 77.5 70.0
-22.5 79.75 74.0
-22.5 82.0 67.0
-22.5 84.25 70.0
-22.5 86.5 71.0
-22.5 88.75 68.0
-22.5 91.0 66.0
-22.5 93.25 63.0
-22.5 95.5 76.0
-22.5 97.75 68.0
-22.5 100.0 42.0
-20.0 10.0 251.0
-20.0 12.25 225.0
-20.0 14.5 164.0
-20.0 16.75 175.0
-20.0 19.0 151.0
-20.0 21.25 138.0
-20.0 23.5 128.0
-20.0 25.75 115.0
-20.0 28.0 127.0
-20.0 30.25 137.0
-20.0 32.5 107.0
-20.0 34.75 107.0
-20.0 37.0 107.0
-20.0 39.25 102.0
-20.0 41.5 78.0
-20.0 43.75 96.0
-20.0 46.0 110.0
-20.0 48.25 88.0
-20.0 50.5 63.0
-20.0 52.75 85.0
-20.0 55.0 71.0
-20.0 57.25 67.0
-20.0 59.5 87.0
-20.0 61.75 88.0
-20.0 64.0 96.0
-20.0 66.25 56.0
-20.0 68.5 52.0
-20.0 70.75 52.0
-20.0 73.0 56.0
-20.0 75.25 62.0
-20.0 77.5 64.0
-20.0 79.75 65.0
-20.0 82.0 78.0
-20.0 84.25 70.0
-20.0 86.5 65.0
-20.0 88.75 70.0
-20.0 91.0 75.0
-20.0 93.25 61.0
-20.0 95.5 80.0
-20.0 97.75 76.0
-20.0 100.0 34.0
-17.5 10.0 202.0
-17.5 12.25 170.0
-17.5 14.5 157.0
-17.5 16.75 137.0
-17.5 19.0 137.0
-17.5 21.25 130.0
-17.5 23.5 110.0
-17.5 25.75 107.0
-17.5 28.0 122.0
-17.5 30.25 116.0
-17.5 32.5 109.0
-17.5 34.75 109.0
-17.5 37.0 106.0
-17.5 39.25 80.0
-17.5 41.5 74.0
-17.5 43.75 77.0
-17.5 46.0 92.0
-17.5 48.25 74.0
-17.5 50.5 76.0
-17.5 52.75 74.0
-17.5 55.0 75.0
-17.5 57.25 73.0
-17.5 59.5 72.0
-17.5 61.75 73.0
-17.5 64.0 84.0
-17.5 66.25 55.0
-17.5 68.5 46.0
-17.5 70.75 46.0
-17.5 73.0 52.0
-17.5 75.25 65.0
-17.5 77.5 56.0
-17.5 79.75 66.0
-17.5 82.0 62.0
-17.5 84.25 76.0
-17.5 86.5 74.0
-17.5 88.75 76.0
-17.5 91.0 69.0
-17.5 93.25 81.0
-17.5 95.5 74.0
-17.5 97.75 68.0
-17.5 100.0 32.0
-15.0 10.0 195.0
-15.0 12.25 186.0
-15.0 14.5 148.0
-15.0 16.75 136.0
-15.0 19.0 118.0
-15.0 21.25 132.0
-15.0 23.5 107.0
-15.0 25.75 100.0
-15.0 28.0 106.0
-15.0 30.25 111.0
-15.0 32.5 90.0
-15.0 34.75 106.0
-15.0 37.0 102.0
-15.0 39.25 110.0
-15.0 41.5 85.0
-15.0 43.75 98.0
-15.0 46.0 86.0
-15.0 48.25 81.0
-15.0 50.5 68.0
-15.0 52.75 69.0
-15.0 55.0 73.0
-15.0 57.25 71.0
-15.0 59.5 80.0
-15.0 61.75 67.0
-15.0 64.0 85.0
-15.0 66.25 51.0
-15.0 68.5 54.0
-15.0 70.75 57.0
-15.0 73.0 53.0
-15.0 75.25 60.0
-15.0 77.5 55.0
-15.0 79.75 61.0
-15.0 82.0 67.0
-15.0 84.25 70.0
-15.0 86.5 77.0
-15.0 88.75 76.0
-15.0 91.0 77.0
-15.0 93.25 62.0
-15.0 95.5 65.0
-15.0 97.75 61.0
-15.0 100.0 40.0
-12.5 10.0 187.0
-12.5 12.25 149.0
-12.5 14.5 114.0
-12.5 16.75 117.0
-12.5 19.0 103.0
-12.5 21.25 111.0
-12.5 23.5 113.0
-12.5 25.75 91.0
-12.5 28.0 95.0
-12.5 30.25 95.0
-12.5 32.5 87.0
-12.5 34.75 103.0
-12.5 37.0 78.0
-12.5 39.25 93.0
-12.5 41.5 82.0
-12.5 43.75 78.0
-12.5 46.0 79.0
-12.5 48.25 76.0
-12.5 50.5 65.0
-12.5 52.75 66.0
-12.5 55.0 54.0
-12.5 57.25 66.0
-12.5 59.5 65.0
-12.5 61.75 82.0
-12.5 64.0 85.0
-12.5 66.25 47.0
-12.5 68.5 53.0
-12.5 70.75 56.0
-12.5 73.0 43.0
-12.5 75.25 51.0
-12.5 77.5 64.0
-12.5 79.75 64.0
-12.5 82.0 64.0
-12.5 84.25 66.0
-12.5 86.5 73.0
-12.5 88.75 62.0
-12.5 91.0 67.0
-12.5 93.25 62.0
-12.5 95.5 75.0
-12.5 97.75 61.0
-12.5 100.0 37.0
-10.0 10.0 190.0
-10.0 12.25 148.0
-10.0 14.5 124.0
-10.0 16.75 133.0
-10.0 19.0 109.0
-10.0 21.25 120.0
-10.0 23.5 109.0
-10.0 25.75 92.0
-10.0 28.0 108.0
-10.0 30.25 87.0
-10.0 32.5 103.0
-10.0 34.75 83.0
-10.0 37.0 88.0
-10.0 39.25 94.0
-10.0 41.5 70.0
-10.0 43.75 76.0
-10.0 46.0 83.0
-10.0 48.25 74.0
-10.0 50.5 59.0
-10.0 52.75 72.0
-10.0 55.0 64.0
-10.0 57.25 73.0
-10.0 59.5 68.0
-10.0 61.75 77.0
-10.0 64.0 82.0
-10.0 66.25 55.0
-10.0 68.5 57.0
-10.0 70.75 56.0
-10.0 73.0 45.0
-10.0 75.25 61.0
-10.0 77.5 60.0
-10.0 79.75 58.0
-10.0 82.0 66.0
-10.0 84.25 74.0
-10.0 86.5 60.0
-10.0 88.75 74.0
-10.0 91.0 76.0
-10.0 93.25 68.0
-10.0 95.5 72.0
-10.0 97.75 66.0
-10.0 100.0 33.0
-7.5 10.0 146.0
-7.5 12.25 129.0
-7.5 14.5 105.0
-7.5 16.75 104.0
-7.5 19.0 92.0
-7.5 21.25 96.0
-7.5 23.5 104.0
-7.5 25.75 87.0
-7.5 28.0 91.0
-7.5 30.25 87.0
-7.5 32.5 95.0
-7.5 34.75 79.0
-7.5 37.0 70.0
-7.5 39.25 94.0
-7.5 41.5 75.0
-7.5 43.75 65.0
-7.5 46.0 83.0
-7.5 48.25 76.0
-7.5 50.5 59.0
-7.5 52.75 59.0
-7.5 55.0 57.0
-7.5 57.25 71.0
-7.5 59.5 66.0
-7.5 61.75 66.0
-7.5 64.0 70.0
-7.5 66.25 48.0
-7.5 68.5 43.0
-7.5 70.75 46.0
-7.5 73.0 50.0
-7.5 75.25 42.0
-7.5 77.5 49.0
-7.5 79.75 55.0
-7.5 82.0 54.0
-7.5 84.25 53.0
-7.5 86.5 68.0
-7.5 88.75 67.0
-7.5 91.0 64.0
-7.5 93.25 69.0
-7.5 95.5 79.0
-7.5 97.75 60.0
-7.5 100.0 34.0
-5.0 10.0 150.0
-5.0 12.25 122.0
-5.0 14.5 102.0
-5.0 16.75 113.0
-5.0 19.0 87.0
-5.0 21.25 98.0
-5.0 23.5 93.0
-5.0 25.75 97.0
-5.0 28.0 107.0
-5.0 30.25 86.0
-5.0 32.5 80.0
-5.0 34.75 76.0
-5.0 37.0 89.0
-5.0 39.25 86.0
-5.0 41.5 62.0
-5.0 43.75 71.0
-5.0 46.0 72.0
-5.0 48.25 71.0
-5.0 50.5 61.0
-5.0 52.75 52.0
-5.0 55.0 68.0
-5.0 57.25 67.0
-5.0 59.5 76.0
-5.0 61.75 74.0
-5.0 64.0 78.0
-5.0 66.25 43.0
-5.0 68.5 43.0
-5.0 70.75 44.0
-5.0 73.0 53.0
-5.0 75.25 54.0
-5.0 77.5 56.0
-5.0 79.75 62.0
-5.0 82.0 63.0
-5.0 84.25 62.0
-5.0 86.5 63.0
-5.0 88.75 61.0
-5.0 91.0 70.0
-5.0 93.25 67.0
-5.0 95.5 62.0
-5.0 97.75 54.0
-5.0 100.0 25.0
-2.5 10.0 122.0
-2.5 12.25 97.0
-2.5 14.5 79.0
-2.5 16.75 82.0
-2.5 19.0 70.0
-2.5 21.25 74.0
-2.5 23.5 75.0
-2.5 25.75 71.0
-2.5 28.0 82.0
-2.5 30.25 69.0
-2.5 32.5 92.0
-2.5 34.75 59.0
-2.5 37.0 74.0
-2.5 39.25 71.0
-2.5 41.5 69.0
-2.5 43.75 61.0
-2.5 46.0 69.0
-2.5 48.25 57.0
-2.5 50.5 54.0
-2.5 52.75 47.0
-2.5 55.0 70.0
-2.5 57.25 54.0
-2.5 59.5 62.0
-2.5 61.75 68.0
-2.5 64.0 73.0
-2.5 66.25 40.0
-2.5 68.5 47.0
-2.5 70.75 49.0
-2.5 73.0 52.0
-2.5 75.25 58.0
-2.5 77.5 51.0
-2.5 79.75 52.0
-2.5 82.0 51.0
-2.5 84.25 61.0
-2.5 86.5 48.0
-2.5 88.75 62.0
-2.5 91.0 70.0
-2.5 93.25 59.0
-2.5 95.5 67.0
-2.5 97.75 63.0
-2.5 100.0 30.0
0.0 10.0 126.0
0.0 12.25 109.0
0.0 14.5 82.0
0.0 16.75 80.0
0.0 19.0 80.0
0.0 21.25 85.0
0.0 23.5 86.0
0.0 25.75 74.0
0.0 28.0 80.0
0.0 30.25 72.0
0.0 32.5 71.0
0.0 34.75 73.0
0.0 37.0 73.0
0.0 39.25 87.0
0.0 41.5 70.0
0.0 43.75 69.0
0.0 46.0 76.0
0.0 48.25 64.0
0.0 50.5 63.0
0.0 52.75 56.0
0.0 55.0 63.0
0.0 57.25 59.0
0.0 59.5 48.0
0.0 61.75 60.0
0.0 64.0 63.0
0.0 66.25 40.0
0.0 68.5 49.0
0.0 70.75 44.0
0.0 73.0 49.0
0.0 75.25 42.0
0.0 77.5 55.0
0.0 79.75 51.0
0.0 82.0 47.0
0.0 84.25 61.0
0.0 86.5 56.0
0.0 88.75 63.0
0.0 91.0 69.0
0.0 93.25 58.0
0.0 95.5 58.0
0.0 97.75 69.0
0.0 100.0 27.0
2.5 10.0 126.0
2.5 12.25 108.0
2.5 14.5 80.0
2.5 16.75 83.0
2.5 19.0 93.0
2.5 21.25 82.0
2.5 23.5 67.0
2.5 25.75 76.0
2.5 28.0 76.0
2.5 30.25 68.0
2.5 32.5 77.0
2.5 34.75 77.0
2.5 37.0 72.0
2.5 39.25 85.0
2.5 41.5 58.0
2.5 43.75 64.0
2.5 46.0 74.0
2.5 48.25 63.0
2.5 50.5 45.0
2.5 52.75 57.0
2.5 55.0 64.0
2.5 57.25 61.0
2.5 59.5 65.0
2.5 61.75 67.0
2.5 64.0 65.0
2.5 66.25 53.0
2.5 68.5 44.0
2.5 70.75 37.0
2.5 73.0 48.0
2.5 75.25 54.0
2.5 77.5 51.0
2.5 79.75 59.0
2.5 82.0 56.0
2.5 84.25 67.0
2.5 86.5 61.0
2.5 88.75 68.0
2.5 91.0 56.0
2.5 93.25 53.0
2.5 95.5 65.0
2.5 97.75 60.0
2.5 100.0 35.0
5.0 10.0 99.0
5.0 12.25 113.0
5.0 14.5 82.0
5.0 16.75 84.0
5.0 19.0 72.0
5.0 21.25 86.0
5.0 23.5 77.0
5.0 25.75 63.0
5.0 28.0 79.0
5.0 30.25 75.0
5.0 32.5 69.0
5.0 34.75 71.0
5.0 37.0 72.0
5.0 39.25 75.0
5.0 41.5 60.0
5.0 43.75 76.0
5.0 46.0 67.0
5.0 48.25 74.0
5.0 50.5 53.0
5.0 52.75 59.0
5.0 55.0 65.0
5.0 57.25 64.0
5.0 59.5 61.0
5.0 61.75 58.0
5.0 64.0 61.0
5.0 66.25 44.0
5.0 68.5 50.0
5.0 70.75 53.0
5.0 73.0 51.0
5.0 75.25 47.0
5.0 77.5 54.0
5.0 79.75 52.0
5.0 82.0 57.0
5.0 84.25 50.0
5.0 86.5 48.0
5.0 88.75 64.0
5.0 91.0 58.0
5.0 93.25 51.0
5.0 95.5 62.0
5.0 97.75 49.0
5.0 100.0 24.0
7.5 10.0 87.0
7.5 12.25 76.0
7.5 14.5 56.0
7.5 16.75 78.0
7.5 19.0 75.0
7.5 21.25 73.0
7.5 23.5 61.0
7.5 25.75 67.0
7.5 28.0 61.0
7.5 30.25 66.0
7.5 32.5 69.0
7.5 34.75 59.0
7.5 37.0 49.0
7.5 39.25 81.0
7.5 41.5 62.0
7.5 43.75 58.0
7.5 46.0 63.0
7.5 48.25 51.0
7.5 50.5 48.0
7.5 52.75 45.0
7.5 55.0 51.0
7.5 57.25 60.0
7.5 59.5 63.0
7.5 61.75 65.0
7.5 64.0 65.0
7.5 66.25 39.0
7.5 68.5 39.0
7.5 70.75 36.0
7.5 73.0 48.0
7.5 75.25 61.0
7.5 77.5 46.0
7.5 79.75 49.0
7.5 82.0 52.0
7.5 84.25 55.0
7.5 86.5 51.0
7.5 88.75 55.0
7.5 91.0 66.0
7.5 93.25 63.0
7.5 95.5 52.0
7.5 97.75 58.0
7.5 100.0 28.0
10.0 10.0 48.0
10.0 12.25 79.0
10.0 14.5 71.0
10.0 16.75 72.0
10.0 19.0 55.0
10.0 21.25 86.0
10.0 23.5 68.0
10.0 25.75 59.0
10.0 28.0 84.0
10.0 30.25 63.0
10.0 32.5 60.0
10.0 34.75 59.0
10.0 37.0 64.0
10.0 39.25 57.0
10.0 41.5 63.0
10.0 43.75 54.0
10.0 46.0 68.0
10.0 48.25 55.0
10.0 50.5 47.0
10.0 52.75 44.0
10.0 55.0 52.0
10.0 57.25 41.0
10.0 59.5 59.0
10.0 61.75 52.0
10.0 64.0 58.0
10.0 66.25 45.0
10.0 68.5 55.0
10.0 70.75 47.0
10.0 73.0 44.0
10.0 75.25 38.0
10.0 77.5 50.0
10.0 79.75 48.0
10.0 82.0 49.0
10.0 84.25 60.0
10.0 86.5 47.0
10.0 88.75 42.0
10.0 91.0 51.0
10.0 93.25 38.0
10.0 95.5 50.0
10.0 97.75 57.0
10.0 100.0 26.0
12.5 10.0 87.0
12.5 12.25 81.0
12.5 14.5 64.0
12.5 16.75 50.0
12.5 19.0 48.0
12.5 21.25 67.0
12.5 23.5 48.0
12.5 25.75 48.0
12.5 28.0 48.0
12.5 30.25 61.0
12.5 32.5 57.0
12.5 34.75 64.0
12.5 37.0 64.0
12.5 39.25 71.0
12.5 41.5 56.0
12.5 43.75 59.0
12.5 46.0 53.0
12.5 48.25 49.0
12.5 50.5 45.0
12.5 52.75 50.0
12.5 55.0 43.0
12.5 57.25 42.0
12.5 59.5 61.0
12.5 61.75 51.0
12.5 64.0 55.0
12.5 66.25 43.0
12.5 68.5 42.0
12.5 70.75 40.0
12.5 73.0 42.0
12.5 75.25 39.0
12.5 77.5 44.0
12.5 79.75 52.0
12.5 82.0 42.0
12.5 84.25 46.0
12.5 86.5 43.0
12.5 88.75 51.0
12.5 91.0 68.0
12.5 93.25 59.0
12.5 95.5 58.0
12.5 97.75 53.0
12.5 100.0 25.0
15.0 10.0 89.0
15.0 12.25 76.0
15.0 14.5 69.0
15.0 16.75 54.0
15.0 19.0 53.0
15.0 21.25 60.0
15.0 23.5 55.0
15.0 25.75 49.0
15.0 28.0 60.0
15.0 30.25 41.0
15.0 32.5 49.0
15.0 34.75 49.0
15.0 37.0 48.0
15.0 39.25 57.0
15.0 41.5 51.0
15.0 43.75 39.0
15.0 46.0 52.0
15.0 48.25 59.0
15.0 50.5 38.0
15.0 52.75 37.0
15.0 55.0 42.0
15.0 57.25 51.0
15.0 59.5 51.0
15.0 61.75 40.0
15.0 64.0 53.0
15.0 66.25 31.0
15.0 68.5 35.0
15.0 70.75 43.0
15.0 73.0 36.0
15.0 75.25 47.0
15.0 77.5 45.0
15.0 79.75 44.0
15.0 82.0 49.0
15.0 84.25 56.0
15.0 86.5 50.0
15.0 88.75 51.0
15.0 91.0 55.0
15.0 93.25 35.0
15.0 95.5 45.0
15.0 97.75 48.0
15.0 100.0 21.0
17.5 10.0 122.0
17.5 12.25 91.0
17.5 14.5 66.0
17.5 16.75 53.0
17.5 19.0 46.0
17.5 21.25 33.0
17.5 23.5 32.0
17.5 25.75 51.0
17.5 28.0 42.0
17.5 30.25 41.0
17.5 32.5 40.0
17.5 34.75 39.0
17.5 37.0 46.0
17.5 39.25 62.0
17.5 41.5 41.0
17.5 43.75 44.0
17.5 46.0 58.0
17.5 48.25 48.0
17.5 50.5 42.0
17.5 52.75 36.0
17.5 55.0 43.0
17.5 57.25 49.0
17.5 59.5 48.0
17.5 61.75 45.0
17.5 64.0 50.0
17.5 66.25 32.0
17.5 68.5 45.0
17.5 70.75 42.0
17.5 73.0 36.0
17.5 75.25 40.0
17.5 77.5 38.0
17.5 79.75 45.0
17.5 82.0 48.0
17.5 84.25 53.0
17.5 86.5 53.0
17.5 88.75 50.0
17.5 91.0 55.0
17.5 93.25 52.0
17.5 95.5 53.0
17.5 97.75 56.0
17.5 100.0 32.0
20.0 10.0 137.0
20.0 12.25 118.0
20.0 14.5 98.0
20.0 16.75 58.0
20.0 19.0 55.0
20.0 21.25 42.0
20.0 23.5 40.0
20.0 25.75 34.0
20.0 28.0 48.0
20.0 30.25 37.0
20.0 32.5 39.0
20.0 34.75 48.0
20.0 37.0 50.0
20.0 39.25 57.0
20.0 41.5 42.0
20.0 43.75 39.0
20.0 46.0 38.0
20.0 48.25 39.0
20.0 50.5 38.0
20.0 52.75 39.0
20.0 55.0 40.0
20.0 57.25 45.0
20.0 59.5 38.0
20.0 61.75 48.0
20.0 64.0 52.0
20.0 66.25 38.0
20.0 68.5 30.0
20.0 70.75 35.0
20.0 73.0 42.0
20.0 75.25 41.0
20.0 77.5 40.0
20.0 79.75 47.0
20.0 82.0 46.0
20.0 84.25 45.0
20.0 86.5 35.0
20.0 88.75 46.0
20.0 91.0 47.0
20.0 93.25 44.0
20.0 95.5 42.0
20.0 97.75 54.0
20.0 100.0 27.0
22.5 10.0 161.0
22.5 12.25 95.0
22.5 14.5 75.0
22.5 16.75 52.0
22.5 19.0 46.0
22.5 21.25 52.0
22.5 23.5 50.0
22.5 25.75 35.0
22.5 28.0 31.0
22.5 30.25 42.0
22.5 32.5 40.0
22.5 34.75 37.0
22.5 37.0 43.0
22.5 39.25 44.0
22.5 41.5 39.0
22.5 43.75 36.0
22.5 46.0 48.0
22.5 48.25 42.0
22.5 50.5 20.0
22.5 52.75 36.0
22.5 55.0 36.0
22.5 57.25 35.0
22.5 59.5 46.0
22.5 61.75 47.0
22.5 64.0 46.0
22.5 66.25 37.0
22.5 68.5 34.0
22.5 70.75 33.0
22.5 73.0 38.0
22.5 75.25 38.0
22.5 77.5 38.0
22.5 79.75 40.0
22.5 82.0 55.0
22.5 84.25 40.0
22.5 86.5 47.0
22.5 88.75 39.0
22.5 91.0 49.0
22.5 93.25 40.0
22.5 95.5 50.0
22.5 97.75 57.0
22.5 100.0 27.0
25.0 10.0 157.0
25.0 12.25 121.0
25.0 14.5 113.0
25.0 16.75 69.0
25.0 19.0 63.0
25.0 21.25 37.0
25.0 23.5 42.0
25.0 25.75 38.0
25.0 28.0 31.0
25.0 30.25 26.0
25.0 32.5 39.0
25.0 34.75 29.0
25.0 37.0 40.0
25.0 39.25 42.0
25.0 41.5 39.0
25.0 43.75 37.0
25.0 46.0 38.0
25.0 48.25 35.0
25.0 50.5 30.0
25.0 52.75 37.0
25.0 55.0 37.0
25.0 57.25 41.0
25.0 59.5 44.0
25.0 61.75 42.0
25.0 64.0 42.0
25.0 66.25 25.0
25.0 68.5 36.0
25.0 70.75 42.0
25.0 73.0 31.0
25.0 75.25 37.0
25.0 77.5 37.0
25.0 79.75 37.0
25.0 82.0 42.0
25.0 84.25 39.0
25.0 86.5 38.0
25.0 88.75 41.0
25.0 91.0 48.0
25.0 93.25 48.0
25.0 95.5 31.0
25.0 97.75 46.0
25.0 100.0 27.0
27.5 10.0 174.0
27.5 12.25 118.0
27.5 14.5 108.0
27.5 16.75 63.0
27.5 19.0 69.0
27.5 21.25 51.0
27.5 23.5 37.0
27.5 25.75 33.0
27.5 28.0 33.0
27.5 30.25 38.0
27.5 32.5 26.0
27.5 34.75 32.0
27.5 37.0 30.0
27.5 39.25 39.0
27.5 41.5 33.0
27.5 43.75 25.0
27.5 46.0 32.0
27.5 48.25 26.0
27.5 50.5 21.0
27.5 52.75 32.0
27.5 55.0 37.0
27.5 57.25 39.0
27.5 59.5 46.0
27.5 61.75 45.0
27.5 64.0 40.0
27.5 66.25 34.0
27.5 68.5 28.0
27.5 70.75 31.0
27.5 73.0 37.0
27.5 75.25 37.0
27.5 77.5 31.0
27.5 79.75 32.0
27.5 82.0 43.0
27.5 84.25 41.0
27.5 86.5 42.0
27.5 88.75 36.0
27.5 91.0 50.0
27.5 93.25 48.0
27.5 95.5 44.0
27.5 97.75 39.0
27.5 100.0 22.0
30.0 10.0 178.0
30.0 12.25 153.0
30.0 14.5 145.0
30.0 16.75 83.0
30.0 19.0 83.0
30.0 21.25 69.0
30.0 23.5 59.0
30.0 25.75 32.0
30.0 28.0 24.0
30.0 30.25 20.0
30.0 32.5 23.0
30.0 34.75 22.0
30.0 37.0 22.0
30.0 39.25 37.0
30.0 41.5 38.0
30.0 43.75 28.0
30.0 46.0 41.0
30.0 48.25 26.0
30.0 50.5 23.0
30.0 52.75 27.0
30.0 55.0 22.0
30.0 57.25 35.0
30.0 59.5 35.0
30.0 61.75 31.0
30.0 64.0 39.0
30.0 66.25 25.0
30.0 68.5 31.0
30.0 70.75 30.0
30.0 73.0 32.0
30.0 75.25 35.0
30.0 77.5 41.0
30.0 79.75 35.0
30.0 82.0 36.0
30.0 84.25 41.0
30.0 86.5 37.0
30.0 88.75 45.0
30.0 91.0 32.0
30.0 93.25 33.0
30.0 95.5 52.0
30.0 97.75 39.0
30.0 100.0 21.0
32.5 10.0 209.0
32.5 12.25 149.0
32.5 14.5 112.0
32.5 16.75 116.0
32.5 19.0 80.0
32.5 21.25 65.0
32.5 23.5 51.0
32.5 25.75 37.0
32.5 28.0 29.0
32.5 30.25 31.0
32.5 32.5 20.0
32.5 34.75 19.0
32.5 37.0 29.0
32.5 39.25 37.0
32.5 41.5 27.0
32.5 43.75 27.0
32.5 46.0 35.0
32.5 48.25 28.0
32.5 50.5 33.0
32.5 52.75 27.0
32.5 55.0 39.0
32.5 57.25 40.0
32.5 59.5 45.0
32.5 61.75 36.0
32.5 64.0 41.0
32.5 66.25 25.0
32.5 68.5 26.0
32.5 70.75 28.0
32.5 73.0 22.0
32.5 75.25 28.0
32.5 77.5 29.0
32.5 79.75 32.0
32.5 82.0 36.0
32.5 84.25 37.0
32.5 86.5 33.0
32.5 88.75 44.0
32.5 91.0 50.0
32.5 93.25 46.0
32.5 95.5 36.0
32.5 97.75 36.0
32.5 100.0 31.0
35.0 10.0 199.0
35.0 12.25 179.0
35.0 14.5 151.0
35.0 16.75 98.0
35.0 19.0 98.0
35.0 21.25 66.0
35.0 23.5 66.0
35.0 25.75 43.0
35.0 28.0 46.0
35.0 30.25 29.0
35.0 32.5 35.0
35.0 34.75 28.0
35.0 37.0 28.0
35.0 39.25 23.0
35.0 41.5 33.0
35.0 43.75 26.0
35.0 46.0 24.0
35.0 48.25 40.0
35.0 50.5 22.0
35.0 52.75 26.0
35.0 55.0 30.0
35.0 57.25 37.0
35.0 59.5 41.0
35.0 61.75 31.0
35.0 64.0 39.0
35.0 66.25 28.0
35.0 68.5 26.0
35.0 70.75 18.0
35.0 73.0 28.0
35.0 75.25 25.0
35.0 77.5 32.0
35.0 79.75 32.0
35.0 82.0 40.0
35.0 84.25 38.0
35.0 86.5 28.0
35.0 88.75 44.0
35.0 91.0 37.0
35.0 93.25 40.0
35.0 95.5 38.0
35.0 97.75 26.0
35.0 100.0 19.0
37.5 10.0 239.0
37.5 12.25 192.0
37.5 14.5 139.0
37.5 16.75 119.0
37.5 19.0 91.0
37.5 21.25 69.0
37.5 23.5 64.0
37.5 25.75 52.0
37.5 28.0 43.0
37.5 30.25 43.0
37.5 32.5 31.0
37.5 34.75 26.0
37.5 37.0 22.0
37.5 39.25 21.0
37.5 41.5 25.0
37.5 43.75 21.0
37.5 46.0 27.0
37.5 48.25 31.0
37.5 50.5 21.0
37.5 52.75 20.0
37.5 55.0 23.0
37.5 57.25 33.0
37.5 59.5 31.0
37.5 61.75 32.0
37.5 64.0 33.0
37.5 66.25 28.0
37.5 68.5 20.0
37.5 70.75 30.0
37.5 73.0 23.0
37.5 75.25 31.0
37.5 77.5 27.0
37.5 79.75 32.0
37.5 82.0 33.0
37.5 84.25 36.0
37.5 86.5 36.0
37.5 88.75 38.0
37.5 91.0 37.0
37.5 93.25 39.0
37.5 95.5 44.0
37.5 97.75 40.0
37.5 100.0 16.0
40.0 10.0 250.0
40.0 12.25 211.0
40.0 14.5 163.0
40.0 16.75 118.0
40.0 19.0 118.0
40.0 21.25 96.0
40.0 23.5 71.0
40.0 25.75 74.0
40.0 28.0 53.0
40.0 30.25 51.0
40.0 32.5 40.0
40.0 34.75 21.0
40.0 37.0 23.0
40.0 39.25 28.0
40.0 41.5 16.0
40.0 43.75 24.0
40.0 46.0 18.0
40.0 48.25 28.0
40.0 50.5 21.0
40.0 52.75 23.0
40.0 55.0 25.0
40.0 57.25 31.0
40.0 59.5 25.0
40.0 61.75 23.0
40.0 64.0 22.0
40.0 66.25 20.0
40.0 68.5 21.0
40.0 70.75 14.0
40.0 73.0 23.0
40.0 75.25 30.0
40.0 77.5 27.0
40.0 79.75 25.0
40.0 82.0 32.0
40.0 84.25 28.0
40.0 86.5 30.0
40.0 88.75 32.0
40.0 91.0 33.0
40.0 93.25 34.0
40.0 95.5 32.0
40.0 97.75 34.0
40.0 100.0 18.0
42.5 10.0 291.0
42.5 12.25 204.0
42.5 14.5 154.0
42.5 16.75 110.0
42.5 19.0 102.0
42.5 21.25 105.0
42.5 23.5 78.0
42.5 25.75 58.0
42.5 28.0 48.0
42.5 30.25 47.0
42.5 32.5 37.0
42.5 34.75 36.0
42.5 37.0 23.0
42.5 39.25 24.0
42.5 41.5 18.0
42.5 43.75 23.0
42.5 46.0 15.0
42.5 48.25 26.0
42.5 50.5 23.0
42.5 52.75 12.0
42.5 55.0 22.0
42.5 57.25 21.0
42.5 59.5 27.0
42.5 61.75 29.0
42.5 64.0 29.0
42.5 66.25 18.0
42.5 68.5 21.0
42.5 70.75 22.0
42.5 73.0 20.0
42.5 75.25 22.0
42.5 77.5 20.0
42.5 79.75 24.0
42.5 82.0 29.0
42.5 84.25 26.0
42.5 86.5 36.0
42.5 88.75 36.0
42.5 91.0 42.0
42.5 93.25 31.0
42.5 95.5 34.0
42.5 97.75 40.0
42.5 100.0 19.0
45.0 10.0 274.0
45.0 12.25 230.0
45.0 14.5 192.0
45.0 16.75 135.0
45.0 19.0 109.0
45.0 21.25 106.0
45.0 23.5 94.0
45.0 25.75 69.0
45.0 28.0 71.0
45.0 30.25 58.0
45.0 32.5 46.0
45.0 34.75 37.0
45.0 37.0 29.0
45.0 39.25 20.0
45.0 41.5 19.0
45.0 43.75 19.0
45.0 46.0 13.0
45.0 48.25 21.0
45.0 50.5 9.0
45.0 52.75 14.0
45.0 55.0 22.0
45.0 57.25 20.0
45.0 59.5 24.0
45.0 61.75 21.0
45.0 64.0 22.0
45.0 66.25 13.0
45.0 68.5 23.0
45.0 70.75 25.0
45.0 73.0 19.0
45.0 75.25 19.0
45.0 77.5 24.0
45.0 79.75 20.0
45.0 82.0 26.0
45.0 84.25 40.0
45.0 86.5 28.0
45.0 88.75 37.0
45.0 91.0 32.0
45.0 93.25 39.0
45.0 95.5 34.0
45.0 97.75 40.0
45.0 100.0 15.0
47.5 10.0 292.0
47.5 12.25 198.0
47.5 14.5 173.0
47.5 16.75 99.0
47.5 19.0 107.0
47.5 21.25 92.0
47.5 23.5 92.0
47.5 25.75 76.0
47.5 28.0 53.0
47.5 30.25 51.0
47.5 32.5 51.0
47.5 34.75 43.0
47.5 37.0 35.0
47.5 39.25 40.0
47.5 41.5 15.0
47.5 43.75 21.0
47.5 46.0 18.0
47.5 48.25 9.0
47.5 50.5 11.0
47.5 52.75 16.0
47.5 55.0 18.0
47.5 57.25 28.0
47.5 59.5 32.0
47.5 61.75 29.0
47.5 64.0 23.0
47.5 66.25 15.0
47.5 68.5 20.0
47.5 70.75 26.0
47.5 73.0 25.0
47.5 75.25 28.0
47.5 77.5 25.0
47.5 79.75 29.0
47.5 82.0 25.0
47.5 84.25 34.0
47.5 86.5 35.0
47.5 88.75 36.0
47.5 91.0 28.0
47.5 93.25 43.0
47.5 95.5 44.0
47.5 97.75 30.0
47.5 100.0 20.0
50.0 10.0 251.0
50.0 12.25 226.0
50.0 14.5 197.0
50.0 16.75 138.0
50.0 19.0 130.0
50.0 21.25 97.0
50.0 23.5 94.0
50.0 25.75 56.0
50.0 28.0 68.0
50.0 30.25 42.0
50.0 32.5 61.0
50.0 34.75 39.0
50.0 37.0 41.0
50.0 39.25 41.0
50.0 41.5 28.0
50.0 43.75 26.0
50.0 46.0 22.0
50.0 48.25 18.0
50.0 50.5 13.0
50.0 52.75 17.0
50.0 55.0 13.0
50.0 57.25 17.0
50.0 59.5 21.0
50.0 61.75 21.0
50.0 64.0 20.0
50.0 66.25 15.0
50.0 68.5 22.0
50.0 70.75 19.0
50.0 73.0 24.0
50.0 75.25 25.0
50.0 77.5 31.0
50.0 79.75 27.0
50.0 82.0 23.0
50.0 84.25 32.0
50.0 86.5 28.0
50.0 88.75 37.0
50.0 91.0 37.0
50.0 93.25 29.0
50.0 95.5 27.0
50.0 97.75 37.0
50.0 100.0 19.0
