-50.0 10.0 396.0
-50.0 12.25 325.0
-50.0 14.5 276.0
-50.0 16.75 264.0
-50.0 19.0 222.0
-50.0 21.25 209.0
-50.0 23.5 198.0
-50.0 25.75 176.0
-50.0 28.0 190.0
-50.0 30.25 183.0
-50.0 32.5 160.0
-50.0 34.75 145.0
-50.0 37.0 157.0
-50.0 39.25 154.0
-50.0 41.5 129.0
-50.0 43.75 130.0
-50.0 46.0 137.0
-50.0 48.25 118.0
-50.0 50.5 103.0
-50.0 52.75 91.0
-50.0 55.0 111.0
-50.0 57.25 102.0
-50.0 59.5 94.0
-50.0 61.75 95.0
-50.0 64.0 106.0
-50.0 66.25 79.0
-50.0 68.5 72.0
-50.0 70.75 74.0
-50.0 73.0 76.0
-50.0 75.25 91.0
-50.0 77.5 61.0
-50.0 79.75 81.0
-50.0 82.0 78.0
-50.0 84.25 88.0
-50.0 86.5 90.0
-50.0 88.75 95.0
-50.0 91.0 96.0
-50.0 93.25 93.0
-50.0 95.5 92.0
-50.0 97.75 95.0
-50.0 100.0 39.0
-47.5 10.0 358.0
-47.5 12.25 300.0
-47.5 14.5 241.0
-47.5 16.75 229.0
-47.5 19.0 229.0
-47.5 21.25 194.0
-47.5 23.5 180.0
-47.5 25.75 183.0
-47.5 28.0 165.0
-47.5 30.25 153.0
-47.5 32.5 150.0
-47.5 34.75 150.0
-47.5 37.0 145.0
-47.5 39.25 152.0
-47.5 41.5 114.0
-47.5 43.75 109.0
-47.5 46.0 125.0
-47.5 48.25 110.0
-47.5 50.5 92.0
-47.5 52.75 94.0
-47.5 55.0 98.0
-47.5 57.25 118.0
-47.5 59.5 103.0
-47.5 61.75 94.0
-47.5 64.0 93.0
-47.5 66.25 78.0
-47.5 68.5 67.0
-47.5 70.75 78.0
-47.5 73.0 74.0
-47.5 75.25 70.0
-47.5 77.5 80.0
-47.5 79.75 78.0
-47.5 82.0 82.0
-47.5 84.25 77.0
-47.5 86.5 84.0
-47.5 88.75 82.0
-47.5 91.0 93.0
-47.5 93.25 82.0
-47.5 95.5 98.0
-47.5 97.75 89.0
-47.5 100.0 36.0
-45.0 10.0 414.0
-45.0 12.25 339.0
-45.0 14.5 274.0
-45.0 16.75 258.0
-45.0 19.0 225.0
-45.0 21.25 219.0
-45.0 23.5 195.0
-45.0 25.75 165.0
-45.0 28.0 173.0
-45.0 30.25 168.0
-45.0 32.5 161.0
-45.0 34.75 143.0
-45.0 37.0 151.0
-45.0 39.25 149.0
-45.0 41.5 129.0
-45.0 43.75 127.0
-45.0 46.0 122.0
-45.0 48.25 119.0
-45.0 50.5 96.0
-45.0 52.75 106.0
-45.0 55.0 102.0
-45.0 57.25 100.0
-45.0 59.5 107.0
-45.0 61.75 99.0
-45.0 64.0 119.0
-45.0 66.25 69.0
-45.0 68.5 69.0
-45.0 70.75 72.0
-45.0 73.0 78.0
-45.0 75.25 90.0
-45.0 77.5 77.0
-45.0 79.75 82.0
-45.0 82.0 77.0
-45.0 84.25 74.0
-45.0 86.5 91.0
-45.0 88.75 92.0
-45.0 91.0 98.0
-45.0 93.25 96.0
-45.0 95.5 88.0
-45.0 97.75 89.0
-45.0 100.0 47.0
-42.5 10.0 387.0
-42.5 12.25 303.0
-42.5 14.5 248.0
-42.5 16.75 219.0
-42.5 19.0 190.0
-42.5 21.25 198.0
-42.5 23.5 165.0
-42.5 25.75 157.0
-42.5 28.0 155.0
-42.5 30.25 164.0
-42.5 32.5 160.0
-42.5 34.75 125.0
-42.5 37.0 137.0
-42.5 39.25 137.0
-42.5 41.5 109.0
-42.5 43.75 108.0
-42.5 46.0 122.0
-42.5 48.25 122.0
-42.5 50.5 86.0
-42.5 52.75 87.0
-42.5 55.0 98.0
-42.5 57.25 100.0
-42.5 59.5 100.0
-42.5 61.75 95.0
-42.5 64.0 100.0
-42.5 66.25 75.0
-42.5 68.5 66.0
-42.5 70.75 85.0
-42.5 73.0 67.0
-42.5 75.25 72.0
-42.5 77.5 77.0
-42.5 79.75 83.0
-42.5 82.0 91.0
-42.5 84.25 82.0
-42.5 86.5 81.0
-42.5 88.75 79.0
-42.5 91.0 94.0
-42.5 93.25 84.0
-42.5 95.5 102.0
-42.5 97.75 88.0
-42.5 100.0 39.0
-40.0 10.0 363.0
-40.0 12.25 314.0
-40.0 14.5 240.0
-40.0 16.75 231.0
-40.0 19.0 220.0
-40.0 21.25 214.0
-40.0 23.5 196.0
-40.0 25.75 176.0
-40.0 28.0 165.0
-40.0 30.25 158.0
-40.0 32.5 147.0
-40.0 34.75 132.0
-40.0 37.0 137.0
-40.0 39.25 135.0
-40.0 41.5 106.0
-40.0 43.75 102.0
-40.0 46.0 118.0
-40.0 48.25 116.0
-40.0 50.5 93.0
-40.0 52.75 78.0
-40.0 55.0 91.0
-40.0 57.25 94.0
-40.0 59.5 111.0
-40.0 61.75 95.0
-40.0 64.0 116.0
-40.0 66.25 76.0
-40.0 68.5 75.0
-40.0 70.75 79.0
-40.0 73.0 75.0
-40.0 75.25 82.0
-40.0 77.5 76.0
-40.0 79.75 88.0
-40.0 82.0 82.0
-40.0 84.25 87.0
-40.0 86.5 86.0
-40.0 88.75 88.0
-40.0 91.0 93.0
-40.0 93.25 91.0
-40.0 95.5 76.0
-40.0 97.75 83.0
-40.0 100.0 37.0
-37.5 10.0 319.0
-37.5 12.25 298.0
-37.5 14.5 230.0
-37.5 16.75 201.0
-37.5 19.0 190.0
-37.5 21.25 183.0
-37.5 23.5 152.0
-37.5 25.75 151.0
-37.5 28.0 158.0
-37.5 30.25 137.0
-37.5 32.5 142.0
-37.5 34.75 125.0
-37.5 37.0 117.0
-37.5 39.25 133.0
-37.5 41.5 111.0
-37.5 43.75 98.0
-37.5 46.0 99.0
-37.5 48.25 106.0
-37.5 50.5 80.0
-37.5 52.75 86.0
-37.5 55.0 83.0
-37.5 57.25 90.0
-37.5 59.5 96.0
-37.5 61.75 102.0
-37.5 64.0 99.0
-37.5 66.25 73.0
-37.5 68.5 66.0
-37.5 70.75 72.0
-37.5 73.0 62.0
-37.5 75.25 71.0
-37.5 77.5 78.0
-37.5 79.75 77.0
-37.5 82.0 78.0
-37.5 84.25 67.0
-37.5 86.5 87.0
-37.5 88.75 79.0
-37.5 91.0 81.0
-37.5 93.25 83.0
-37.5 95.5 84.0
-37.5 97.75 89.0
-37.5 100.0 46.0
-35.0 10.0 317.0
-35.0 12.25 288.0
-35.0 14.5 233.0
-35.0 16.75 207.0
-35.0 19.0 214.0
-35.0 21.25 182.0
-35.0 23.5 173.0
-35.0 25.75 168.0
-35.0 28.0 145.0
-35.0 30.25 155.0
-35.0 32.5 147.0
-35.0 34.75 125.0
-35.0 37.0 130.0
-35.0 39.25 146.0
-35.0 41.5 104.0
-35.0 43.75 106.0
-35.0 46.0 118.0
-35.0 48.25 116.0
-35.0 50.5 84.0
-35.0 52.75 85.0
-35.0 55.0 83.0
-35.0 57.25 99.0
-35.0 59.5 95.0
-35.0 61.75 103.0
-35.0 64.0 86.0
-35.0 66.25 64.0
-35.0 68.5 62.0
-35.0 70.75 75.0
-35.0 73.0 71.0
-35.0 75.25 73.0
-35.0 77.5 72.0
-35.0 79.75 85.0
-35.0 82.0 75.0
-35.0 84.25 80.0
-35.0 86.5 85.0
-35.0 88.75 71.0
-35.0 91.0 86.0
-35.0 93.25 90.0
-35.0 95.5 88.0
-35.0 97.75 74.0
-35.0 100.0 41.0
-32.5 10.0 294.0
-32.5 12.25 252.0
-32.5 14.5 207.0
-32.5 16.75 197.0
-32.5 19.0 184.0
-32.5 21.25 146.0
-32.5 23.5 146.0
-32.5 25.75 144.0
-32.5 28.0 130.0
-32.5 30.25 133.0
-32.5 32.5 142.0
-32.5 34.75 119.0
-32.5 37.0 132.0
-32.5 39.25 128.0
-32.5 41.5 102.0
-32.5 43.75 91.0
-32.5 46.0 123.0
-32.5 48.25 112.0
-32.5 50.5 86.0
-32.5 52.75 90.0
-32.5 55.0 87.0
-32.5 57.25 84.0
-32.5 59.5 95.0
-32.5 61.75 91.0
-32.5 64.0 101.0
-32.5 66.25 67.0
-32.5 68.5 68.0
-32.5 70.75 70.0
-32.5 73.0 66.0
-32.5 75.25 71.0
-32.5 77.5 81.0
-32.5 79.75 77.0
-32.5 82.0 78.0
-32.5 84.25 87.0
-32.5 86.5 79.0
-32.5 88.75 77.0
-32.5 91.0 88.0
-32.5 93.25 81.0
-32.5 95.5 83.0
-32.5 97.75 78.0
-32.5 100.0 45.0
-30.0 10.0 306.0
-30.0 12.25 269.0
-30.0 14.5 216.0
-30.0 16.75 192.0
-30.0 19.0 182.0
-30.0 21.25 184.0
-30.0 23.5 171.0
-30.0 25.75 134.0
-30.0 28.0 132.0
-30.0 30.25 144.0
-30.0 32.5 142.0
-30.0 34.75 117.0
-30.0 37.0 114.0
-30.0 39.25 129.0
-30.0 41.5 105.0
-30.0 43.75 100.0
-30.0 46.0 123.0
-30.0 48.25 102.0
-30.0 50.5 84.0
-30.0 52.75 85.0
-30.0 55.0 80.0
-30.0 57.25 91.0
-30.0 59.5 96.0
-30.0 61.75 87.0
-30.0 64.0 100.0
-30.0 66.25 70.0
-30.0 68.5 66.0
-30.0 70.75 76.0
-30.0 73.0 76.0
-30.0 75.25 73.0
-30.0 77.5 67.0
-30.0 79.75 76.0
-30.0 82.0 81.0
-30.0 84.25 65.0
-30.0 86.5 70.0
-30.0 88.75 76.0
-30.0 91.0 89.0
-30.0 93.25 80.0
-30.0 95.5 77.0
-30.0 97.75 85.0
-30.0 100.0 47.0
-27.5 10.0 282.0
-27.5 12.25 222.0
-27.5 14.5 192.0
-27.5 16.75 178.0
-27.5 19.0 162.0
-27.5 21.25 172.0
-27.5 23.5 147.0
-27.5 25.75 146.0
-27.5 28.0 140.0
-27.5 30.25 123.0
-27.5 32.5 119.0
-27.5 34.75 126.0
-27.5 37.0 105.0
-27.5 39.25 113.0
-27.5 41.5 106.0
-27.5 43.75 96.0
-27.5 46.0 92.0
-27.5 48.25 93.0
-27.5 50.5 73.0
-27.5 52.75 76.0
-27.5 55.0 74.0
-27.5 57.25 74.0
-27.5 59.5 92.0
-27.5 61.75 86.0
-27.5 64.0 91.0
-27.5 66.25 56.0
-27.5 68.5 58.0
-27.5 70.75 73.0
-27.5 73.0 56.0
-27.5 75.25 65.0
-27.5 77.5 70.0
-27.5 79.75 81.0
-27.5 82.0 77.0
-27.5 84.25 72.0
-27.5 86.5 63.0
-27.5 88.75 76.0
-27.5 91.0 75.0
-27.5 93.25 82.0
-27.5 95.5 78.0
-27.5 97.75 84.0
-27.5 100.0 35.0
-25.0 10.0 266.0
-25.0 12.25 230.0
-25.0 14.5 196.0
-25.0 16.75 179.0
-25.0 19.0 170.0
-25.0 21.25 166.0
-25.0 23.5 146.0
-25.0 25.75 126.0
-25.0 28.0 139.0
-25.0 30.25 123.0
-25.0 32.5 125.0
-25.0 34.75 105.0
-25.0 37.0 99.0
-25.0 39.25 127.0
-25.0 41.5 98.0
-25.0 43.75 111.0
-25.0 46.0 107.0
-25.0 48.25 89.0
-25.0 50.5 73.0
-25.0 52.75 67.0
-25.0 55.0 93.0
-25.0 57.25 86.0
-25.0 59.5 84.0
-25.0 61.75 86.0
-25.0 64.0 100.0
-25.0 66.25 68.0
-25.0 68.5 67.0
-25.0 70.75 69.0
-25.0 73.0 50.0
-25.0 75.25 71.0
-25.0 77.5 75.0
-25.0 79.75 77.0
-25.0 82.0 68.0
-25.0 84.25 66.0
-25.0 86.5 75.0
-25.0 88.75 75.0
-25.0 91.0 66.0
-25.0 93.25 68.0
-25.0 95.5 82.0
-25.0 97.75 69.0
-25.0 100.0 41.0
-22.5 10.0 245.0
-22.5 12.25 200.0
-22.5 14.5 162.0
-22.5 16.75 155.0
-22.5 19.0 145.0
-22.5 21.25 137.0
-22.5 23.5 113.0
-22.5 25.75 127.0
-22.5 28.0 111.0
-22.5 30.25 121.0
-22.5 32.5 118.0
-22.5 34.75 104.0
-22.5 37.0 99.0
-22.5 39.25 110.0
-22.5 41.5 86.0
-22.5 43.75 90.0
-22.5 46.0 100.0
-22.5 48.25 86.0
-22.5 50.5 74.0
-22.5 52.75 64.0
-22.5 55.0 87.0
-22.5 57.25 65.0
-22.5 59.5 97.0
-22.5 61.75 76.0
-22.5 64.0 90.0
-22.5 66.25 51.0
-22.5 68.5 62.0
-22.5 70.75 54.0
-22.5 73.0 55.0
-22.5 75.25 69.0
-22.5 77.5 62.0
-22.5 79.75 76.0
-22.5 82.0 65.0
-22.5 84.25 75.0
-22.5 86.5 59.0
-22.5 88.75 73.0
-22.5 91.0 66.0
-22.5 93.25 69.0
-22.5 95.5 60.0
-22.5 97.75 76.0
-22.5 100.0 34.0
-20.0 10.0 246.0
-20.0 12.25 204.0
-20.0 14.5 178.0
-20.0 16.75 173.0
-20.0 19.0 143.0
-20.0 21.25 150.0
-20.0 23.5 120.0
-20.0 25.75 122.0
-20.0 28.0 122.0
-20.0 30.25 98.0
-20.0 32.5 119.0
-20.0 34.75 107.0
-20.0 37.0 107.0
-20.0 39.25 111.0
-20.0 41.5 80.0
-20.0 43.75 98.0
-20.0 46.0 100.0
-20.0 48.25 85.0
-20.0 50.5 72.0
-20.0 52.75 64.0
-20.0 55.0 71.0
-20.0 57.25 77.0
-20.0 59.5 85.0
-20.0 61.75 83.0
-20.0 64.0 93.0
-20.0 66.25 59.0
-20.0 68.5 52.0
-20.0 70.75 57.0
-20.0 73.0 66.0
-20.0 75.25 59.0
-20.0 77.5 71.0
-20.0 79.75 78.0
-20.0 82.0 57.0
-20.0 84.25 59.0
-20.0 86.5 78.0
-20.0 88.75 71.0
-20.0 91.0 73.0
-20.0 93.25 70.0
-20.0 95.5 76.0
-20.0 97.75 70.0
-20.0 100.0 43.0
-17.5 10.0 215.0
-17.5 12.25 184.0
-17.5 14.5 158.0
-17.5 16.75 154.0
-17.5 19.0 111.0
-17.5 21.25 136.0
-17.5 23.5 113.0
-17.5 25.75 113.0
-17.5 28.0 104.0
-17.5 30.25 101.0
-17.5 32.5 108.0
-17.5 34.75 95.0
-17.5 37.0 100.0
-17.5 39.25 106.0
-17.5 41.5 86.0
-17.5 43.75 75.0
-17.5 46.0 95.0
-17.5 48.25 87.0
-17.5 50.5 58.0
-17.5 52.75 71.0
-17.5 55.0 71.0
-17.5 57.25 81.0
-17.5 59.5 89.0
-17.5 61.75 73.0
-17.5 64.0 85.0
-17.5 66.25 51.0
-17.5 68.5 52.0
-17.5 70.75 60.0
-17.5 73.0 58.0
-17.5 75.25 69.0
-17.5 77.5 65.0
-17.5 79.75 68.0
-17.5 82.0 69.0
-17.5 84.25 73.0
-17.5 86.5 65.0
-17.5 88.75 87.0
-17.5 91.0 71.0
-17.5 93.25 64.0
-17.5 95.5 66.0
-17.5 97.75 71.0
-17.5 100.0 47.0
-15.0 10.0 203.0
-15.0 12.25 181.0
-15.0 14.5 149.0
-15.0 16.75 142.0
-15.0 19.0 119.0
-15.0 21.25 133.0
-15.0 23.5 115.0
-15.0 25.75 117.0
-15.0 28.0 119.0
-15.0 30.25 93.0
-15.0 32.5 115.0
-15.0 34.75 99.0
-15.0 37.0 95.0
-15.0 39.25 103.0
-15.0 41.5 78.0
-15.0 43.75 92.0
-15.0 46.0 97.0
-15.0 48.25 82.0
-15.0 50.5 70.0
-15.0 52.75 59.0
-15.0 55.0 68.0
-15.0 57.25 65.0
-15.0 59.5 79.0
-15.0 61.75 72.0
-15.0 64.0 94.0
-15.0 66.25 74.0
-15.0 68.5 51.0
-15.0 70.75 50.0
-15.0 73.0 53.0
-15.0 75.25 62.0
-15.0 77.5 56.0
-15.0 79.75 74.0
-15.0 82.0 70.0
-15.0 84.25 68.0
-15.0 86.5 53.0
-15.0 88.75 81.0
-15.0 91.0 59.0
-15.0 93.25 69.0
-15.0 95.5 64.0
-15.0 97.75 67.0
-15.0 100.0 38.0
-12.5 10.0 179.0
-12.5 12.25 155.0
-12.5 14.5 133.0
-12.5 16.75 123.0
-12.5 19.0 114.0
-12.5 21.25 109.0
-12.5 23.5 108.0
-12.5 25.75 96.0
-12.5 28.0 104.0
-12.5 30.25 99.0
-12.5 32.5 90.0
-12.5 34.75 97.0
-12.5 37.0 80.0
-12.5 39.25 85.0
-12.5 41.5 78.0
-12.5 43.75 75.0
-12.5 46.0 81.0
-12.5 48.25 75.0
-12.5 50.5 61.0
-12.5 52.75 57.0
-12.5 55.0 63.0
-12.5 57.25 57.0
-12.5 59.5 67.0
-12.5 61.75 79.0
-12.5 64.0 71.0
-12.5 66.25 57.0
-12.5 68.5 54.0
-12.5 70.75 42.0
-12.5 73.0 55.0
-12.5 75.25 68.0
-12.5 77.5 65.0
-12.5 79.75 60.0
-12.5 82.0 60.0
-12.5 84.25 71.0
-12.5 86.5 61.0
-12.5 88.75 57.0
-12.5 91.0 60.0
-12.5 93.25 70.0
-12.5 95.5 57.0
-12.5 97.75 64.0
-12.5 100.0 37.0
-10.0 10.0 193.0
-10.0 12.25 156.0
-10.0 14.5 124.0
-10.0 16.75 115.0
-10.0 19.0 113.0
-10.0 21.25 119.0
-10.0 23.5 103.0
-10.0 25.75 104.0
-10.0 28.0 104.0
-10.0 30.25 111.0
-10.0 32.5 77.0
-10.0 34.75 91.0
-10.0 37.0 94.0
-10.0 39.25 96.0
-10.0 41.5 74.0
-10.0 43.75 70.0
-10.0 46.0 83.0
-10.0 48.25 73.0
-10.0 50.5 55.0
-10.0 52.75 56.0
-10.0 55.0 61.0
-10.0 57.25 70.0
-10.0 59.5 79.0
-10.0 61.75 82.0
-10.0 64.0 83.0
-10.0 66.25 49.0
-10.0 68.5 53.0
-10.0 70.75 48.0
-10.0 73.0 45.0
-10.0 75.25 47.0
-10.0 77.5 57.0
-10.0 79.75 73.0
-10.0 82.0 52.0
-10.0 84.25 62.0
-10.0 86.5 67.0
-10.0 88.75 64.0
-10.0 91.0 72.0
-10.0 93.25 75.0
-10.0 95.5 67.0
-10.0 97.75 61.0
-10.0 100.0 31.0
-7.5 10.0 153.0
-7.5 12.25 146.0
-7.5 14.5 114.0
-7.5 16.75 99.0
-7.5 19.0 111.0
-7.5 21.25 107.0
-7.5 23.5 91.0
-7.5 25.75 83.0
-7.5 28.0 95.0
-7.5 30.25 87.0
-7.5 32.5 76.0
-7.5 34.75 89.0
-7.5 37.0 77.0
-7.5 39.25 94.0
-7.5 41.5 80.0
-7.5 43.75 68.0
-7.5 46.0 71.0
-7.5 48.25 76.0
-7.5 50.5 58.0
-7.5 52.75 54.0
-7.5 55.0 55.0
-7.5 57.25 54.0
-7.5 59.5 62.0
-7.5 61.75 70.0
-7.5 64.0 78.0
-7.5 66.25 51.0
-7.5 68.5 45.0
-7.5 70.75 45.0
-7.5 73.0 45.0
-7.5 75.25 51.0
-7.5 77.5 58.0
-7.5 79.75 55.0
-7.5 82.0 66.0
-7.5 84.25 65.0
-7.5 86.5 64.0
-7.5 88.75 62.0
-7.5 91.0 68.0
-7.5 93.25 65.0
-7.5 95.5 57.0
-7.5 97.75 59.0
-7.5 100.0 30.0
-5.0 10.0 151.0
-5.0 12.25 122.0
-5.0 14.5 114.0
-5.0 16.75 123.0
-5.0 19.0 104.0
-5.0 21.25 98.0
-5.0 23.5 89.0
-5.0 25.75 87.0
-5.0 28.0 85.0
-5.0 30.25 96.0
-5.0 32.5 82.0
-5.0 34.75 92.0
-5.0 37.0 67.0
-5.0 39.25 84.0
-5.0 41.5 69.0
-5.0 43.75 86.0
-5.0 46.0 66.0
-5.0 48.25 65.0
-5.0 50.5 68.0
-5.0 52.75 62.0
-5.0 55.0 52.0
-5.0 57.25 60.0
-5.0 59.5 80.0
-5.0 61.75 66.0
-5.0 64.0 66.0
-5.0 66.25 46.0
-5.0 68.5 45.0
-5.0 70.75 53.0
-5.0 73.0 46.0
-5.0 75.25 56.0
-5.0 77.5 53.0
-5.0 79.75 58.0
-5.0 82.0 61.0
-5.0 84.25 54.0
-5.0 86.5 63.0
-5.0 88.75 68.0
-5.0 91.0 56.0
-5.0 93.25 63.0
-5.0 95.5 73.0
-5.0 97.75 64.0
-5.0 100.0 27.0
-2.5 10.0 129.0
-2.5 12.25 108.0
-2.5 14.5 83.0
-2.5 16.75 83.0
-2.5 19.0 90.0
-2.5 21.25 90.0
-2.5 23.5 78.0
-2.5 25.75 74.0
-2.5 28.0 81.0
-2.5 30.25 67.0
-2.5 32.5 75.0
-2.5 34.75 62.0
-2.5 37.0 75.0
-2.5 39.25 89.0
-2.5 41.5 73.0
-2.5 43.75 74.0
-2.5 46.0 70.0
-2.5 48.25 74.0
-2.5 50.5 57.0
-2.5 52.75 63.0
-2.5 55.0 53.0
-2.5 57.25 58.0
-2.5 59.5 58.0
-2.5 61.75 64.0
-2.5 64.0 69.0
-2.5 66.25 48.0
-2.5 68.5 49.0
-2.5 70.75 41.0
-2.5 73.0 48.0
-2.5 75.25 43.0
-2.5 77.5 50.0
-2.5 79.75 47.0
-2.5 82.0 52.0
-2.5 84.25 72.0
-2.5 86.5 62.0
-2.5 88.75 60.0
-2.5 91.0 63.0
-2.5 93.25 66.0
-2.5 95.5 60.0
-2.5 97.75 64.0
-2.5 100.0 33.0
0.0 10.0 110.0
0.0 12.25 102.0
0.0 14.5 77.0
0.0 16.75 93.0
0.0 19.0 83.0
0.0 21.25 87.0
0.0 23.5 87.0
0.0 25.75 83.0
0.0 28.0 85.0
0.0 30.25 75.0
0.0 32.5 76.0
0.0 34.75 69.0
0.0 37.0 67.0
0.0 39.25 90.0
0.0 41.5 60.0
0.0 43.75 71.0
0.0 46.0 60.0
0.0 48.25 66.0
0.0 50.5 51.0
0.0 52.75 52.0
0.0 55.0 56.0
0.0 57.25 55.0
0.0 59.5 58.0
0.0 61.75 67.0
0.0 64.0 76.0
0.0 66.25 39.0
0.0 68.5 34.0
0.0 70.75 49.0
0.0 73.0 50.0
0.0 75.25 53.0
0.0 77.5 60.0
0.0 79.75 53.0
0.0 82.0 53.0
0.0 84.25 60.0
0.0 86.5 52.0
0.0 88.75 51.0
0.0 91.0 54.0
0.0 93.25 58.0
0.0 95.5 63.0
0.0 97.75 64.0
0.0 100.0 37.0
2.5 10.0 117.0
2.5 12.25 101.0
2.5 14.5 75.0
2.5 16.75 84.0
2.5 19.0 68.0
2.5 21.25 75.0
2.5 23.5 85.0
2.5 25.75 86.0
2.5 28.0 91.0
2.5 30.25 70.0
2.5 32.5 84.0
2.5 34.75 71.0
2.5 37.0 76.0
2.5 39.25 93.0
2.5 41.5 64.0
2.5 43.75 61.0
2.5 46.0 58.0
2.5 48.25 64.0
2.5 50.5 52.0
2.5 52.75 56.0
2.5 55.0 51.0
2.5 57.25 53.0
2.5 59.5 57.0
2.5 61.75 53.0
2.5 64.0 53.0
2.5 66.25 46.0
2.5 68.5 49.0
2.5 70.75 55.0
2.5 73.0 53.0
2.5 75.25 42.0
2.5 77.5 54.0
2.5 79.75 55.0
2.5 82.0 56.0
2.5 84.25 59.0
2.5 86.5 61.0
2.5 88.75 62.0
2.5 91.0 64.0
2.5 93.25 58.0
2.5 95.5 56.0
2.5 97.75 59.0
2.5 100.0 34.0
5.0 10.0 85.0
5.0 12.25 93.0
5.0 14.5 92.0
5.0 16.75 87.0
5.0 19.0 84.0
5.0 21.25 87.0
5.0 23.5 77.0
5.0 25.75 73.0
5.0 28.0 73.0
5.0 30.25 66.0
5.0 32.5 79.0
5.0 34.75 69.0
5.0 37.0 64.0
5.0 39.25 68.0
5.0 41.5 66.0
5.0 43.75 60.0
5.0 46.0 66.0
5.0 48.25 69.0
5.0 50.5 50.0
5.0 52.75 56.0
5.0 55.0 59.0
5.0 57.25 62.0
5.0 59.5 59.0
5.0 61.75 59.0
5.0 64.0 58.0
5.0 66.25 47.0
5.0 68.5 40.0
5.0 70.75 42.0
5.0 73.0 45.0
5.0 75.25 40.0
5.0 77.5 60.0
5.0 79.75 44.0
5.0 82.0 47.0
5.0 84.25 61.0
5.0 86.5 59.0
5.0 88.75 61.0
5.0 91.0 59.0
5.0 93.25 64.0
5.0 95.5 61.0
5.0 97.75 56.0
5.0 100.0 30.0
7.5 10.0 90.0
7.5 12.25 85.0
7.5 14.5 55.0
7.5 16.75 72.0
7.5 19.0 65.0
7.5 21.25 68.0
7.5 23.5 66.0
7.5 25.75 74.0
7.5 28.0 68.0
7.5 30.25 66.0
7.5 32.5 72.0
7.5 34.75 65.0
7.5 37.0 74.0
7.5 39.25 63.0
7.5 41.5 56.0
7.5 43.75 46.0
7.5 46.0 61.0
7.5 48.25 67.0
7.5 50.5 48.0
7.5 52.75 55.0
7.5 55.0 47.0
7.5 57.25 60.0
7.5 59.5 60.0
7.5 61.75 59.0
7.5 64.0 64.0
7.5 66.25 37.0
7.5 68.5 49.0
7.5 70.75 45.0
7.5 73.0 43.0
7.5 75.25 43.0
7.5 77.5 45.0
7.5 79.75 57.0
7.5 82.0 44.0
7.5 84.25 61.0
7.5 86.5 56.0
7.5 88.75 55.0
7.5 91.0 55.0
7.5 93.25 64.0
7.5 95.5 59.0
7.5 97.75 64.0
7.5 100.0 28.0
10.0 10.0 58.0
10.0 12.25 75.0
10.0 14.5 57.0
10.0 16.75 77.0
10.0 19.0 68.0
10.0 21.25 81.0
10.0 23.5 64.0
10.0 25.75 53.0
10.0 28.0 69.0
10.0 30.25 57.0
10.0 32.5 55.0
10.0 34.75 59.0
10.0 37.0 75.0
10.0 39.25 66.0
10.0 41.5 56.0
10.0 43.75 56.0
10.0 46.0 61.0
10.0 48.25 63.0
10.0 50.5 47.0
10.0 52.75 42.0
10.0 55.0 49.0
10.0 57.25 59.0
10.0 59.5 50.0
10.0 61.75 59.0
10.0 64.0 57.0
10.0 66.25 36.0
10.0 68.5 44.0
10.0 70.75 43.0
10.0 73.0 51.0
10.0 75.25 51.0
10.0 77.5 34.0
10.0 79.75 41.0
10.0 82.0 50.0
10.0 84.25 56.0
10.0 86.5 50.0
10.0 88.75 53.0
10.0 91.0 57.0
10.0 93.25 52.0
10.0 95.5 61.0
10.0 97.75 51.0
10.0 100.0 26.0
12.5 10.0 80.0
12.5 12.25 71.0
12.5 14.5 57.0
12.5 16.75 52.0
12.5 19.0 44.0
12.5 21.25 59.0
12.5 23.5 36.0
12.5 25.75 51.0
12.5 28.0 52.0
12.5 30.25 57.0
12.5 32.5 58.0
12.5 34.75 60.0
12.5 37.0 55.0
12.5 39.25 66.0
12.5 41.5 55.0
12.5 43.75 61.0
12.5 46.0 60.0
12.5 48.25 51.0
12.5 50.5 35.0
12.5 52.75 37.0
12.5 55.0 54.0
12.5 57.25 48.0
12.5 59.5 39.0
12.5 61.75 43.0
12.5 64.0 49.0
12.5 66.25 34.0
12.5 68.5 42.0
12.5 70.75 37.0
12.5 73.0 51.0
12.5 75.25 47.0
12.5 77.5 40.0
12.5 79.75 42.0
12.5 82.0 49.0
12.5 84.25 58.0
12.5 86.5 46.0
12.5 88.75 54.0
12.5 91.0 45.0
12.5 93.25 57.0
12.5 95.5 49.0
12.5 97.75 58.0
12.5 100.0 30.0
15.0 10.0 93.0
15.0 12.25 92.0
15.0 14.5 69.0
15.0 16.75 55.0
15.0 19.0 39.0
15.0 21.25 49.0
15.0 23.5 51.0
15.0 25.75 43.0
15.0 28.0 59.0
15.0 30.25 39.0
15.0 32.5 60.0
15.0 34.75 50.0
15.0 37.0 64.0
15.0 39.25 42.0
15.0 41.5 60.0
15.0 43.75 46.0
15.0 46.0 49.0
15.0 48.25 45.0
15.0 50.5 38.0
15.0 52.75 43.0
15.0 55.0 49.0
15.0 57.25 46.0
15.0 59.5 43.0
15.0 61.75 53.0
15.0 64.0 54.0
15.0 66.25 31.0
15.0 68.5 43.0
15.0 70.75 38.0
15.0 73.0 32.0
15.0 75.25 47.0
15.0 77.5 48.0
15.0 79.75 40.0
15.0 82.0 42.0
15.0 84.25 50.0
15.0 86.5 44.0
15.0 88.75 54.0
15.0 91.0 51.0
15.0 93.25 50.0
15.0 95.5 52.0
15.0 97.75 55.0
15.0 100.0 29.0
17.5 10.0 108.0
17.5 12.25 64.0
17.5 14.5 63.0
17.5 16.75 55.0
17.5 19.0 45.0
17.5 21.25 47.0
17.5 23.5 35.0
17.5 25.75 39.0
17.5 28.0 44.0
17.5 30.25 45.0
17.5 32.5 51.0
17.5 34.75 59.0
17.5 37.0 50.0
17.5 39.25 54.0
17.5 41.5 37.0
17.5 43.75 37.0
17.5 46.0 47.0
17.5 48.25 36.0
17.5 50.5 39.0
17.5 52.75 42.0
17.5 55.0 47.0
17.5 57.25 45.0
17.5 59.5 46.0
17.5 61.75 55.0
17.5 64.0 44.0
17.5 66.25 31.0
17.5 68.5 33.0
17.5 70.75 40.0
17.5 73.0 40.0
17.5 75.25 41.0
17.5 77.5 46.0
17.5 79.75 47.0
17.5 82.0 47.0
17.5 84.25 44.0
17.5 86.5 50.0
17.5 88.75 48.0
17.5 91.0 52.0
17.5 93.25 44.0
17.5 95.5 43.0
17.5 97.75 47.0
17.5 100.0 29.0
20.0 10.0 114.0
20.0 12.25 107.0
20.0 14.5 86.0
20.0 16.75 48.0
20.0 19.0 52.0
20.0 21.25 41.0
20.0 23.5 38.0
20.0 25.75 34.0
20.0 28.0 47.0
20.0 30.25 35.0
20.0 32.5 46.0
20.0 34.75 41.0
20.0 37.0 49.0
20.0 39.25 44.0
20.0 41.5 42.0
20.0 43.75 51.0
20.0 46.0 49.0
20.0 48.25 48.0
20.0 50.5 38.0
20.0 52.75 42.0
20.0 55.0 38.0
20.0 57.25 29.0
20.0 59.5 45.0
20.0 61.75 49.0
20.0 64.0 48.0
20.0 66.25 29.0
20.0 68.5 35.0
20.0 70.75 37.0
20.0 73.0 37.0
20.0 75.25 43.0
20.0 77.5 40.0
20.0 79.75 34.0
20.0 82.0 45.0
20.0 84.25 42.0
20.0 86.5 49.0
20.0 88.75 52.0
20.0 91.0 56.0
20.0 93.25 49.0
20.0 95.5 48.0
20.0 97.75 51.0
20.0 100.0 26.0
22.5 10.0 158.0
22.5 12.25 95.0
22.5 14.5 80.0
22.5 16.75 53.0
22.5 19.0 47.0
22.5 21.25 48.0
22.5 23.5 35.0
22.5 25.75 37.0
22.5 28.0 34.0
22.5 30.25 43.0
22.5 32.5 44.0
22.5 34.75 41.0
22.5 37.0 43.0
22.5 39.25 54.0
22.5 41.5 46.0
22.5 43.75 37.0
22.5 46.0 47.0
22.5 48.25 34.0
22.5 50.5 34.0
22.5 52.75 35.0
22.5 55.0 39.0
22.5 57.25 37.0
22.5 59.5 45.0
22.5 61.75 39.0
22.5 64.0 53.0
22.5 66.25 38.0
22.5 68.5 35.0
22.5 70.75 38.0
22.5 73.0 40.0
22.5 75.25 38.0
22.5 77.5 33.0
22.5 79.75 38.0
22.5 82.0 43.0
22.5 84.25 41.0
22.5 86.5 52.0
22.5 88.75 47.0
22.5 91.0 41.0
22.5 93.25 49.0
22.5 95.5 52.0
22.5 97.75 52.0
22.5 100.0 30.0
25.0 10.0 147.0
25.0 12.25 137.0
25.0 14.5 102.0
25.0 16.75 81.0
25.0 19.0 68.0
25.0 21.25 50.0
25.0 23.5 47.0
25.0 25.75 27.0
25.0 28.0 35.0
25.0 30.25 31.0
25.0 32.5 44.0
25.0 34.75 27.0
25.0 37.0 40.0
25.0 39.25 39.0
25.0 41.5 35.0
25.0 43.75 37.0
25.0 46.0 42.0
25.0 48.25 42.0
25.0 50.5 35.0
25.0 52.75 28.0
25.0 55.0 31.0
25.0 57.25 40.0
25.0 59.5 46.0
25.0 61.75 45.0
25.0 64.0 44.0
25.0 66.25 30.0
25.0 68.5 28.0
25.0 70.75 26.0
25.0 73.0 38.0
25.0 75.25 34.0
25.0 77.5 45.0
25.0 79.75 33.0
25.0 82.0 43.0
25.0 84.25 38.0
25.0 86.5 46.0
25.0 88.75 33.0
25.0 91.0 45.0
25.0 93.25 45.0
25.0 95.5 47.0
25.0 97.75 45.0
25.0 100.0 24.0
27.5 10.0 192.0
27.5 12.25 125.0
27.5 14.5 108.0
27.5 16.75 69.0
27.5 19.0 70.0
27.5 21.25 61.0
27.5 23.5 37.0
27.5 25.75 35.0
27.5 28.0 35.0
27.5 30.25 36.0
27.5 32.5 28.0
27.5 34.75 23.0
27.5 37.0 20.0
27.5 39.25 38.0
27.5 41.5 31.0
27.5 43.75 37.0
27.5 46.0 37.0
27.5 48.25 23.0
27.5 50.5 34.0
27.5 52.75 26.0
27.5 55.0 31.0
27.5 57.25 30.0
27.5 59.5 39.0
27.5 61.75 40.0
27.5 64.0 43.0
27.5 66.25 36.0
27.5 68.5 39.0
27.5 70.75 29.0
27.5 73.0 30.0
27.5 75.25 37.0
27.5 77.5 42.0
27.5 79.75 37.0
27.5 82.0 39.0
27.5 84.25 44.0
27.5 86.5 39.0
27.5 88.75 43.0
27.5 91.0 43.0
27.5 93.25 56.0
27.5 95.5 46.0
27.5 97.75 50.0
27.5 100.0 25.0
30.0 10.0 186.0
30.0 12.25 141.0
30.0 14.5 129.0
30.0 16.75 106.0
30.0 19.0 81.0
30.0 21.25 57.0
30.0 23.5 53.0
30.0 25.75 35.0
30.0 28.0 27.0
30.0 30.25 18.0
30.0 32.5 27.0
30.0 34.75 23.0
30.0 37.0 35.0
30.0 39.25 24.0
30.0 41.5 30.0
30.0 43.75 33.0
30.0 46.0 36.0
30.0 48.25 30.0
30.0 50.5 22.0
30.0 52.75 24.0
30.0 55.0 23.0
30.0 57.25 31.0
30.0 59.5 37.0
30.0 61.75 32.0
30.0 64.0 45.0
30.0 66.25 23.0
30.0 68.5 32.0
30.0 70.75 26.0
30.0 73.0 35.0
30.0 75.25 32.0
30.0 77.5 31.0
30.0 79.75 37.0
30.0 82.0 34.0
30.0 84.25 33.0
30.0 86.5 38.0
30.0 88.75 36.0
30.0 91.0 48.0
30.0 93.25 39.0
30.0 95.5 38.0
30.0 97.75 53.0
30.0 100.0 26.0
32.5 10.0 231.0
32.5 12.25 146.0
32.5 14.5 134.0
32.5 16.75 100.0
32.5 19.0 86.0
32.5 21.25 66.0
32.5 23.5 57.0
32.5 25.75 39.0
32.5 28.0 37.0
32.5 30.25 33.0
32.5 32.5 17.0
32.5 34.75 29.0
32.5 37.0 27.0
32.5 39.25 31.0
32.5 41.5 19.0
32.5 43.75 20.0
32.5 46.0 29.0
32.5 48.25 35.0
32.5 50.5 27.0
32.5 52.75 29.0
32.5 55.0 31.0
32.5 57.25 37.0
32.5 59.5 38.0
32.5 61.75 40.0
32.5 64.0 39.0
32.5 66.25 22.0
32.5 68.5 26.0
32.5 70.75 30.0
32.5 73.0 24.0
32.5 75.25 31.0
32.5 77.5 33.0
32.5 79.75 39.0
32.5 82.0 25.0
32.5 84.25 39.0
32.5 86.5 43.0
32.5 88.75 41.0
32.5 91.0 40.0
32.5 93.25 46.0
32.5 95.5 50.0
32.5 97.75 39.0
32.5 100.0 19.0
35.0 10.0 222.0
35.0 12.25 192.0
35.0 14.5 137.0
35.0 16.75 101.0
35.0 19.0 95.0
35.0 21.25 71.0
35.0 23.5 44.0
35.0 25.75 47.0
35.0 28.0 42.0
35.0 30.25 21.0
35.0 32.5 28.0
35.0 34.75 23.0
35.0 37.0 23.0
35.0 39.25 21.0
35.0 41.5 26.0
35.0 43.75 26.0
35.0 46.0 20.0
35.0 48.25 36.0
35.0 50.5 32.0
35.0 52.75 27.0
35.0 55.0 32.0
35.0 57.25 30.0
35.0 59.5 32.0
35.0 61.75 32.0
35.0 64.0 33.0
35.0 66.25 27.0
35.0 68.5 27.0
35.0 70.75 20.0
35.0 73.0 28.0
35.0 75.25 29.0
35.0 77.5 30.0
35.0 79.75 32.0
35.0 82.0 30.0
35.0 84.25 31.0
35.0 86.5 33.0
35.0 88.75 34.0
35.0 91.0 40.0
35.0 93.25 39.0
35.0 95.5 35.0
35.0 97.75 43.0
35.0 100.0 19.0
37.5 10.0 257.0
37.5 12.25 161.0
37.5 14.5 130.0
37.5 16.75 109.0
37.5 19.0 91.0
37.5 21.25 65.0
37.5 23.5 71.0
37.5 25.75 59.0
37.5 28.0 48.0
37.5 30.25 41.0
37.5 32.5 34.0
37.5 34.75 21.0
37.5 37.0 28.0
37.5 39.25 28.0
37.5 41.5 18.0
37.5 43.75 17.0
37.5 46.0 24.0
37.5 48.25 30.0
37.5 50.5 28.0
37.5 52.75 22.0
37.5 55.0 25.0
37.5 57.25 26.0
37.5 59.5 32.0
37.5 61.75 29.0
37.5 64.0 35.0
37.5 66.25 21.0
37.5 68.5 24.0
37.5 70.75 26.0
37.5 73.0 24.0
37.5 75.25 30.0
37.5 77.5 30.0
37.5 79.75 38.0
37.5 82.0 31.0
37.5 84.25 23.0
37.5 86.5 34.0
37.5 88.75 42.0
37.5 91.0 40.0
37.5 93.25 40.0
37.5 95.5 43.0
37.5 97.75 36.0
37.5 100.0 18.0
40.0 10.0 242.0
40.0 12.25 211.0
40.0 14.5 162.0
40.0 16.75 118.0
40.0 19.0 112.0
40.0 21.25 83.0
40.0 23.5 76.0
40.0 25.75 53.0
40.0 28.0 59.0
40.0 30.25 31.0
40.0 32.5 45.0
40.0 34.75 27.0
40.0 37.0 25.0
40.0 39.25 27.0
40.0 41.5 21.0
40.0 43.75 17.0
40.0 46.0 21.0
40.0 48.25 26.0
40.0 50.5 26.0
40.0 52.75 22.0
40.0 55.0 31.0
40.0 57.25 34.0
40.0 59.5 28.0
40.0 61.75 26.0
40.0 64.0 30.0
40.0 66.25 19.0
40.0 68.5 27.0
40.0 70.75 20.0
40.0 73.0 25.0
40.0 75.25 23.0
40.0 77.5 23.0
40.0 79.75 36.0
40.0 82.0 36.0
40.0 84.25 26.0
40.0 86.5 30.0
40.0 88.75 33.0
40.0 91.0 33.0
40.0 93.25 42.0
40.0 95.5 38.0
40.0 97.75 31.0
40.0 100.0 23.0
42.5 10.0 286.0
42.5 12.25 198.0
42.5 14.5 175.0
42.5 16.75 123.0
42.5 19.0 104.0
42.5 21.25 87.0
42.5 23.5 73.0
42.5 25.75 64.0
42.5 28.0 55.0
42.5 30.25 48.0
42.5 32.5 43.0
42.5 34.75 36.0
42.5 37.0 28.0
42.5 39.25 19.0
42.5 41.5 16.0
42.5 43.75 19.0
42.5 46.0 18.0
42.5 48.25 21.0
42.5 50.5 19.0
42.5 52.75 20.0
42.5 55.0 16.0
42.5 57.25 19.0
42.5 59.5 25.0
42.5 61.75 31.0
42.5 64.0 22.0
42.5 66.25 19.0
42.5 68.5 25.0
42.5 70.75 22.0
42.5 73.0 24.0
42.5 75.25 25.0
42.5 77.5 28.0
42.5 79.75 23.0
42.5 82.0 30.0
42.5 84.25 40.0
42.5 86.5 24.0
42.5 88.75 26.0
42.5 91.0 37.0
42.5 93.25 37.0
42.5 95.5 37.0
42.5 97.75 39.0
42.5 100.0 17.0
45.0 10.0 277.0
45.0 12.25 222.0
45.0 14.5 190.0
45.0 16.75 148.0
45.0 19.0 136.0
45.0 21.25 106.0
45.0 23.5 100.0
45.0 25.75 66.0
45.0 28.0 77.0
45.0 30.25 49.0
45.0 32.5 56.0
45.0 34.75 35.0
45.0 37.0 29.0
45.0 39.25 18.0
45.0 41.5 19.0
45.0 43.75 20.0
45.0 46.0 15.0
45.0 48.25 16.0
45.0 50.5 17.0
45.0 52.75 14.0
45.0 55.0 15.0
45.0 57.25 21.0
45.0 59.5 25.0
45.0 61.75 25.0
45.0 64.0 28.0
45.0 66.25 15.0
45.0 68.5 15.0
45.0 70.75 18.0
45.0 73.0 22.0
45.0 75.25 23.0
45.0 77.5 25.0
45.0 79.75 24.0
45.0 82.0 26.0
45.0 84.25 30.0
45.0 86.5 31.0
45.0 88.75 26.0
45.0 91.0 34.0
45.0 93.25 31.0
45.0 95.5 36.0
45.0 97.75 28.0
45.0 100.0 15.0
47.5 10.0 270.0
47.5 12.25 219.0
47.5 14.5 172.0
47.5 16.75 122.0
47.5 19.0 117.0
47.5 21.25 81.0
47.5 23.5 94.0
47.5 25.75 69.0
47.5 28.0 59.0
47.5 30.25 52.0
47.5 32.5 49.0
47.5 34.75 34.0
47.5 37.0 36.0
47.5 39.25 31.0
47.5 41.5 18.0
47.5 43.75 20.0
47.5 46.0 23.0
47.5 48.25 7.0
47.5 50.5 14.0
47.5 52.75 12.0
47.5 55.0 17.0
47.5 57.25 21.0
47.5 59.5 22.0
47.5 61.75 21.0
47.5 64.0 23.0
47.5 66.25 22.0
47.5 68.5 15.0
47.5 70.75 19.0
47.5 73.0 23.0
47.5 75.25 26.0
47.5 77.5 30.0
47.5 79.75 30.0
47.5 82.0 19.0
47.5 84.25 32.0
47.5 86.5 36.0
47.5 88.75 37.0
47.5 91.0 31.0
47.5 93.25 30.0
47.5 95.5 31.0
47.5 97.75 36.0
47.5 100.0 20.0
50.0 10.0 289.0
50.0 12.25 229.0
50.0 14.5 195.0
50.0 16.75 135.0
50.0 19.0 135.0
50.0 21.25 110.0
50.0 23.5 89.0
50.0 25.75 61.0
50.0 28.0 81.0
50.0 30.25 47.0
50.0 32.5 58.0
50.0 34.75 47.0
50.0 37.0 35.0
50.0 39.25 29.0
50.0 41.5 26.0
50.0 43.75 28.0
50.0 46.0 23.0
50.0 48.25 21.0
50.0 50.5 7.0
50.0 52.75 14.0
50.0 55.0 12.0
50.0 57.25 20.0
50.0 59.5 14.0
50.0 61.75 19.0
50.0 64.0 26.0
50.0 66.25 8.0
50.0 68.5 14.0
50.0 70.75 19.0
50.0 73.0 17.0
50.0 75.25 21.0
50.0 77.5 29.0
50.0 79.75 29.0
50.0 82.0 26.0
50.0 84.25 29.0
50.0 86.5 27.0
50.0 88.75 31.0
50.0 91.0 24.0
50.0 93.25 34.0
50.0 95.5 23.0
50.0 97.75 40.0
50.0 100.0 20.0
