-50.0 10.0 373.0
-50.0 12.25 317.0
-50.0 14.5 251.0
-50.0 16.75 246.0
-50.0 19.0 222.0
-50.0 21.25 222.0
-50.0 23.5 185.0
-50.0 25.75 172.0
-50.0 28.0 177.0
-50.0 30.25 160.0
-50.0 32.5 166.0
-50.0 34.75 155.0
-50.0 37.0 133.0
-50.0 39.25 157.0
-50.0 41.5 129.0
-50.0 43.75 127.0
-50.0 46.0 130.0
-50.0 48.25 123.0
-50.0 50.5 95.0
-50.0 52.75 89.0
-50.0 55.0 109.0
-50.0 57.25 102.0
-50.0 59.5 113.0
-50.0 61.75 109.0
-50.0 64.0 107.0
-50.0 66.25 76.0
-50.0 68.5 59.0
-50.0 70.75 74.0
-50.0 73.0 72.0
-50.0 75.25 83.0
-50.0 77.5 74.0
-50.0 79.75 81.0
-50.0 82.0 72.0
-50.0 84.25 95.0
-50.0 86.5 86.0
-50.0 88.75 87.0
-50.0 91.0 95.0
-50.0 93.25 79.0
-50.0 95.5 93.0
-50.0 97.75 81.0
-50.0 100.0 33.0
-47.5 10.0 372.0
-47.5 12.25 294.0
-47.5 14.5 251.0
-47.5 16.75 218.0
-47.5 19.0 225.0
-47.5 21.25 220.0
-47.5 23.5 189.0
-47.5 25.75 173.0
-47.5 28.0 148.0
-47.5 30.25 152.0
-47.5 32.5 178.0
-47.5 34.75 119.0
-47.5 37.0 138.0
-47.5 39.25 152.0
-47.5 41.5 122.0
-47.5 43.75 112.0
-47.5 46.0 128.0
-47.5 48.25 111.0
-47.5 50.5 94.0
-47.5 52.75 104.0
-47.5 55.0 88.0
-47.5 57.25 96.0
-47.5 59.5 104.0
-47.5 61.75 102.0
-47.5 64.0 121.0
-47.5 66.25 69.0
-47.5 68.5 72.0
-47.5 70.75 78.0
-47.5 73.0 69.0
-47.5 75.25 91.0
-47.5 77.5 66.0
-47.5 79.75 80.0
-47.5 82.0 78.0
-47.5 84.25 78.0
-47.5 86.5 76.0
-47.5 88.75 90.0
-47.5 91.0 98.0
-47.5 93.25 89.0
-47.5 95.5 86.0
-47.5 97.75 81.0
-47.5 100.0 39.0
-45.0 10.0 415.0
-45.0 12.25 337.0
-45.0 14.5 252.0
-45.0 16.75 238.0
-45.0 19.0 211.0
-45.0 21.25 212.0
-45.0 23.5 185.0
-45.0 25.75 186.0
-45.0 28.0 178.0
-45.0 30.25 135.0
-45.0 32.5 152.0
-45.0 34.75 137.0
-45.0 37.0 140.0
-45.0 39.25 147.0
-45.0 41.5 136.0
-45.0 43.75 142.0
-45.0 46.0 120.0
-45.0 48.25 123.0
-45.0 50.5 76.0
-45.0 52.75 103.0
-45.0 55.0 102.0
-45.0 57.25 114.0
-45.0 59.5 107.0
-45.0 61.75 109.0
-45.0 64.0 121.0
-45.0 66.25 71.0
-45.0 68.5 78.0
-45.0 70.75 63.0
-45.0 73.0 79.0
-45.0 75.25 81.0
-45.0 77.5 80.0
-45.0 79.75 79.0
-45.0 82.0 81.0
-45.0 84.25 87.0
-45.0 86.5 82.0
-45.0 88.75 85.0
-45.0 91.0 99.0
-45.0 93.25 84.0
-45.0 95.5 91.0
-45.0 97.75 96.0
-45.0 100.0 47.0
-42.5 10.0 361.0
-42.5 12.25 326.0
-42.5 14.5 251.0
-42.5 16.75 243.0
-42.5 19.0 205.0
-42.5 21.25 213.0
-42.5 23.5 191.0
-42.5 25.75 168.0
-42.5 28.0 167.0
-42.5 30.25 141.0
-42.5 32.5 147.0
-42.5 34.75 147.0
-42.5 37.0 144.0
-42.5 39.25 150.0
-42.5 41.5 104.0
-42.5 43.75 112.0
-42.5 46.0 133.0
-42.5 48.25 115.0
-42.5 50.5 78.0
-42.5 52.75 87.0
-42.5 55.0 92.0
-42.5 57.25 109.0
-42.5 59.5 103.0
-42.5 61.75 101.0
-42.5 64.0 103.0
-42.5 66.25 72.0
-42.5 68.5 83.0
-42.5 70.75 80.0
-42.5 73.0 67.0
-42.5 75.25 70.0
-42.5 77.5 84.0
-42.5 79.75 72.0
-42.5 82.0 85.0
-42.5 84.25 94.0
-42.5 86.5 83.0
-42.5 88.75 87.0
-42.5 91.0 88.0
-42.5 93.25 78.0
-42.5 95.5 94.0
-42.5 97.75 89.0
-42.5 100.0 47.0
-40.0 10.0 351.0
-40.0 12.25 320.0
-40.0 14.5 253.0
-40.0 16.75 217.0
-40.0 19.0 201.0
-40.0 21.25 202.0
-40.0 23.5 197.0
-40.0 25.75 184.0
-40.0 28.0 163.0
-40.0 30.25 152.0
-40.0 32.5 171.0
-40.0 34.75 142.0
-40.0 37.0 136.0
-40.0 39.25 129.0
-40.0 41.5 117.0
-40.0 43.75 118.0
-40.0 46.0 121.0
-40.0 48.25 110.0
-40.0 50.5 85.0
-40.0 52.75 86.0
-40.0 55.0 94.0
-40.0 57.25 87.0
-40.0 59.5 117.0
-40.0 61.75 92.0
-40.0 64.0 107.0
-40.0 66.25 76.0
-40.0 68.5 66.0
-40.0 70.75 74.0
-40.0 73.0 71.0
-40.0 75.25 73.0
-40.0 77.5 77.0
-40.0 79.75 82.0
-40.0 82.0 83.0
-40.0 84.25 86.0
-40.0 86.5 75.0
-40.0 88.75 89.0
-40.0 91.0 90.0
-40.0 93.25 74.0
-40.0 95.5 83.0
-40.0 97.75 84.0
-40.0 100.0 51.0
-37.5 10.0 331.0
-37.5 12.25 293.0
-37.5 14.5 218.0
-37.5 16.75 232.0
-37.5 19.0 161.0
-37.5 21.25 204.0
-37.5 23.5 171.0
-37.5 25.75 151.0
-37.5 28.0 141.0
-37.5 30.25 135.0
-37.5 32.5 143.0
-37.5 34.75 132.0
-37.5 37.0 124.0
-37.5 39.25 134.0
-37.5 41.5 106.0
-37.5 43.75 109.0
-37.5 46.0 110.0
-37.5 48.25 117.0
-37.5 50.5 89.0
-37.5 52.75 85.0
-37.5 55.0 92.0
-37.5 57.25 93.0
-37.5 59.5 100.0
-37.5 61.75 85.0
-37.5 64.0 95.0
-37.5 66.25 66.0
-37.5 68.5 68.0
-37.5 70.75 71.0
-37.5 73.0 67.0
-37.5 75.25 71.0
-37.5 77.5 72.0
-37.5 79.75 79.0
-37.5 82.0 78.0
-37.5 84.25 80.0
-37.5 86.5 73.0
-37.5 88.75 79.0
-37.5 91.0 96.0
-37.5 93.25 75.0
-37.5 95.5 75.0
-37.5 97.75 83.0
-37.5 100.0 52.0
-35.0 10.0 319.0
-35.0 12.25 260.0
-35.0 14.5 217.0
-35.0 16.75 208.0
-35.0 19.0 195.0
-35.0 21.25 195.0
-35.0 23.5 186.0
-35.0 25.75 141.0
-35.0 28.0 151.0
-35.0 30.25 154.0
-35.0 32.5 151.0
-35.0 34.75 127.0
-35.0 37.0 132.0
-35.0 39.25 143.0
-35.0 41.5 114.0
-35.0 43.75 105.0
-35.0 46.0 117.0
-35.0 48.25 106.0
-35.0 50.5 85.0
-35.0 52.75 80.0
-35.0 55.0 83.0
-35.0 57.25 83.0
-35.0 59.5 108.0
-35.0 61.75 102.0
-35.0 64.0 102.0
-35.0 66.25 69.0
-35.0 68.5 71.0
-35.0 70.75 72.0
-35.0 73.0 69.0
-35.0 75.25 72.0
-35.0 77.5 77.0
-35.0 79.75 68.0
-35.0 82.0 80.0
-35.0 84.25 89.0
-35.0 86.5 77.0
-35.0 88.75 83.0
-35.0 91.0 83.0
-35.0 93.25 90.0
-35.0 95.5 85.0
-35.0 97.75 86.0
-35.0 100.0 37.0
-32.5 10.0 323.0
-32.5 12.25 261.0
-32.5 14.5 195.0
-32.5 16.75 193.0
-32.5 19.0 158.0
-32.5 21.25 170.0
-32.5 23.5 173.0
-32.5 25.75 136.0
-32.5 28.0 154.0
-32.5 30.25 133.0
-32.5 32.5 146.0
-32.5 34.75 116.0
-32.5 37.0 116.0
-32.5 39.25 116.0
-32.5 41.5 104.0
-32.5 43.75 96.0
-32.5 46.0 105.0
-32.5 48.25 105.0
-32.5 50.5 78.0
-32.5 52.75 80.0
-32.5 55.0 94.0
-32.5 57.25 79.0
-32.5 59.5 91.0
-32.5 61.75 80.0
-32.5 64.0 95.0
-32.5 66.25 73.0
-32.5 68.5 66.0
-32.5 70.75 60.0
-32.5 73.0 56.0
-32.5 75.25 65.0
-32.5 77.5 73.0
-32.5 79.75 75.0
-32.5 82.0 70.0
-32.5 84.25 79.0
-32.5 86.5 79.0
-32.5 88.75 94.0
-32.5 91.0 80.0
-32.5 93.25 83.0
-32.5 95.5 75.0
-32.5 97.75 85.0
-32.5 100.0 48.0
-30.0 10.0 304.0
-30.0 12.25 251.0
-30.0 14.5 205.0
-30.0 16.75 207.0
-30.0 19.0 171.0
-30.0 21.25 179.0
-30.0 23.5 149.0
-30.0 25.75 144.0
-30.0 28.0 133.0
-30.0 30.25 125.0
-30.0 32.5 129.0
-30.0 34.75 129.0
-30.0 37.0 112.0
-30.0 39.25 124.0
-30.0 41.5 94.0
-30.0 43.75 99.0
-30.0 46.0 125.0
-30.0 48.25 108.0
-30.0 50.5 89.0
-30.0 52.75 75.0
-30.0 55.0 71.0
-30.0 57.25 84.0
-30.0 59.5 93.0
-30.0 61.75 83.0
-30.0 64.0 103.0
-30.0 66.25 74.0
-30.0 68.5 62.0
-30.0 70.75 80.0
-30.0 73.0 73.0
-30.0 75.25 69.0
-30.0 77.5 78.0
-30.0 79.75 75.0
-30.0 82.0 65.0
-30.0 84.25 73.0
-30.0 86.5 74.0
-30.0 88.75 82.0
-30.0 91.0 83.0
-30.0 93.25 80.0
-30.0 95.5 73.0
-30.0 97.75 91.0
-30.0 100.0 41.0
-27.5 10.0 260.0
-27.5 12.25 227.0
-27.5 14.5 191.0
-27.5 16.75 165.0
-27.5 19.0 181.0
-27.5 21.25 173.0
-27.5 23.5 138.0
-27.5 25.75 136.0
-27.5 28.0 138.0
-27.5 30.25 131.0
-27.5 32.5 125.0
-27.5 34.75 107.0
-27.5 37.0 123.0
-27.5 39.25 123.0
-27.5 41.5 107.0
-27.5 43.75 100.0
-27.5 46.0 116.0
-27.5 48.25 100.0
-27.5 50.5 86.0
-27.5 52.75 77.0
-27.5 55.0 82.0
-27.5 57.25 75.0
-27.5 59.5 61.0
-27.5 61.75 74.0
-27.5 64.0 87.0
-27.5 66.25 61.0
-27.5 68.5 71.0
-27.5 70.75 62.0
-27.5 73.0 81.0
-27.5 75.25 68.0
-27.5 77.5 68.0
-27.5 79.75 64.0
-27.5 82.0 72.0
-27.5 84.25 77.0
-27.5 86.5 79.0
-27.5 88.75 79.0
-27.5 91.0 80.0
-27.5 93.25 74.0
-27.5 95.5 87.0
-27.5 97.75 69.0
-27.5 100.0 35.0
-25.0 10.0 285.0
-25.0 12.25 241.0
-25.0 14.5 167.0
-25.0 16.75 169.0
-25.0 19.0 172.0
-25.0 21.25 143.0
-25.0 23.5 156.0
-25.0 25.75 136.0
-25.0 28.0 132.0
-25.0 30.25 124.0
-25.0 32.5 121.0
-25.0 34.75 112.0
-25.0 37.0 124.0
-25.0 39.25 123.0
-25.0 41.5 94.0
-25.0 43.75 102.0
-25.0 46.0 111.0
-25.0 48.25 103.0
-25.0 50.5 79.0
-25.0 52.75 72.0
-25.0 55.0 78.0
-25.0 57.25 85.0
-25.0 59.5 90.0
-25.0 61.75 77.0
-25.0 64.0 80.0
-25.0 66.25 72.0
-25.0 68.5 61.0
-25.0 70.75 53.0
-25.0 73.0 63.0
-25.0 75.25 66.0
-25.0 77.5 67.0
-25.0 79.75 60.0
-25.0 82.0 62.0
-25.0 84.25 76.0
-25.0 86.5 81.0
-25.0 88.75 79.0
-25.0 91.0 78.0
-25.0 93.25 68.0
-25.0 95.5 68.0
-25.0 97.75 75.0
-25.0 100.0 39.0
-22.5 10.0 274.0
-22.5 12.25 203.0
-22.5 14.5 176.0
-22.5 16.75 164.0
-22.5 19.0 159.0
-22.5 21.25 142.0
-22.5 23.5 123.0
-22.5 25.75 129.0
-22.5 28.0 124.0
-22.5 30.25 109.0
-22.5 32.5 114.0
-22.5 34.75 100.0
-22.5 37.0 100.0
-22.5 39.25 125.0
-22.5 41.5 92.0
-22.5 43.75 91.0
-22.5 46.0 98.0
-22.5 48.25 84.0
-22.5 50.5 73.0
-22.5 52.75 71.0
-22.5 55.0 78.0
-22.5 57.25 66.0
-22.5 59.5 75.0
-22.5 61.75 84.0
-22.5 64.0 77.0
-22.5 66.25 53.0
-22.5 68.5 53.0
-22.5 70.75 60.0
-22.5 73.0 64.0
-22.5 75.25 63.0
-22.5 77.5 52.0
-22.5 79.75 76.0
-22.5 82.0 64.0
-22.5 84.25 69.0
-22.5 86.5 71.0
-22.5 88.75 72.0
-22.5 91.0 64.0
-22.5 93.25 74.0
-22.5 95.5 82.0
-22.5 97.75 66.0
-22.5 100.0 36.0
-20.0 10.0 237.0
-20.0 12.25 189.0
-20.0 14.5 178.0
-20.0 16.75 169.0
-20.0 19.0 150.0
-20.0 21.25 123.0
-20.0 23.5 137.0
-20.0 25.75 104.0
-20.0 28.0 109.0
-20.0 30.25 113.0
-20.0 32.5 119.0
-20.0 34.75 111.0
-20.0 37.0 107.0
-20.0 39.25 117.0
-20.0 41.5 79.0
-20.0 43.75 88.0
-20.0 46.0 92.0
-20.0 48.25 83.0
-20.0 50.5 68.0
-20.0 52.75 69.0
-20.0 55.0 92.0
-20.0 57.25 73.0
-20.0 59.5 83.0
-20.0 61.75 77.0
-20.0 64.0 81.0
-20.0 66.25 57.0
-20.0 68.5 59.0
-20.0 70.75 65.0
-20.0 73.0 62.0
-20.0 75.25 60.0
-20.0 77.5 58.0
-20.0 79.75 70.0
-20.0 82.0 68.0
-20.0 84.25 80.0
-20.0 86.5 70.0
-20.0 88.75 73.0
-20.0 91.0 75.0
-20.0 93.25 76.0
-20.0 95.5 72.0
-20.0 97.75 80.0
-20.0 100.0 39.0
-17.5 10.0 212.0
-17.5 12.25 193.0
-17.5 14.5 147.0
-17.5 16.75 138.0
-17.5 19.0 108.0
-17.5 21.25 141.0
-17.5 23.5 117.0
-17.5 25.75 124.0
-17.5 28.0 110.0
-17.5 30.25 111.0
-17.5 32.5 100.0
-17.5 34.75 84.0
-17.5 37.0 91.0
-17.5 39.25 114.0
-17.5 41.5 76.0
-17.5 43.75 86.0
-17.5 46.0 84.0
-17.5 48.25 81.0
-17.5 50.5 69.0
-17.5 52.75 70.0
-17.5 55.0 66.0
-17.5 57.25 63.0
-17.5 59.5 74.0
-17.5 61.75 75.0
-17.5 64.0 82.0
-17.5 66.25 51.0
-17.5 68.5 47.0
-17.5 70.75 42.0
-17.5 73.0 52.0
-17.5 75.25 52.0
-17.5 77.5 51.0
-17.5 79.75 66.0
-17.5 82.0 68.0
-17.5 84.25 74.0
-17.5 86.5 71.0
-17.5 88.75 66.0
-17.5 91.0 64.0
-17.5 93.25 63.0
-17.5 95.5 79.0
-17.5 97.75 77.0
-17.5 100.0 29.0
-15.0 10.0 203.0
-15.0 12.25 166.0
-15.0 14.5 157.0
-15.0 16.75 141.0
-15.0 19.0 123.0
-15.0 21.25 130.0
-15.0 23.5 113.0
-15.0 25.75 115.0
-15.0 28.0 113.0
-15.0 30.25 104.0
-15.0 32.5 111.0
-15.0 34.75 101.0
-15.0 37.0 98.0
-15.0 39.25 105.0
-15.0 41.5 89.0
-15.0 43.75 75.0
-15.0 46.0 77.0
-15.0 48.25 86.0
-15.0 50.5 60.0
-15.0 52.75 74.0
-15.0 55.0 71.0
-15.0 57.25 75.0
-15.0 59.5 76.0
-15.0 61.75 72.0
-15.0 64.0 78.0
-15.0 66.25 52.0
-15.0 68.5 55.0
-15.0 70.75 61.0
-15.0 73.0 65.0
-15.0 75.25 58.0
-15.0 77.5 43.0
-15.0 79.75 75.0
-15.0 82.0 67.0
-15.0 84.25 71.0
-15.0 86.5 81.0
-15.0 88.75 66.0
-15.0 91.0 74.0
-15.0 93.25 71.0
-15.0 95.5 71.0
-15.0 97.75 69.0
-15.0 100.0 35.0
-12.5 10.0 195.0
-12.5 12.25 157.0
-12.5 14.5 120.0
-12.5 16.75 141.0
-12.5 19.0 105.0
-12.5 21.25 114.0
-12.5 23.5 119.0
-12.5 25.75 101.0
-12.5 28.0 109.0
-12.5 30.25 87.0
-12.5 32.5 86.0
-12.5 34.75 84.0
-12.5 37.0 84.0
-12.5 39.25 97.0
-12.5 41.5 81.0
-12.5 43.75 80.0
-12.5 46.0 77.0
-12.5 48.25 79.0
-12.5 50.5 56.0
-12.5 52.75 55.0
-12.5 55.0 79.0
-12.5 57.25 79.0
-12.5 59.5 70.0
-12.5 61.75 71.0
-12.5 64.0 68.0
-12.5 66.25 52.0
-12.5 68.5 43.0
-12.5 70.75 47.0
-12.5 73.0 57.0
-12.5 75.25 62.0
-12.5 77.5 53.0
-12.5 79.75 49.0
-12.5 82.0 62.0
-12.5 84.25 71.0
-12.5 86.5 67.0
-12.5 88.75 63.0
-12.5 91.0 59.0
-12.5 93.25 59.0
-12.5 95.5 68.0
-12.5 97.75 57.0
-12.5 100.0 34.0
-10.0 10.0 187.0
-10.0 12.25 166.0
-10.0 14.5 138.0
-10.0 16.75 136.0
-10.0 19.0 115.0
-10.0 21.25 123.0
-10.0 23.5 105.0
-10.0 25.75 97.0
-10.0 28.0 90.0
-10.0 30.25 78.0
-10.0 32.5 95.0
-10.0 34.75 79.0
-10.0 37.0 98.0
-10.0 39.25 101.0
-10.0 41.5 75.0
-10.0 43.75 77.0
-10.0 46.0 82.0
-10.0 48.25 76.0
-10.0 50.5 67.0
-10.0 52.75 56.0
-10.0 55.0 71.0
-10.0 57.25 61.0
-10.0 59.5 67.0
-10.0 61.75 65.0
-10.0 64.0 74.0
-10.0 66.25 56.0
-10.0 68.5 50.0
-10.0 70.75 49.0
-10.0 73.0 60.0
-10.0 75.25 55.0
-10.0 77.5 61.0
-10.0 79.75 59.0
-10.0 82.0 65.0
-10.0 84.25 63.0
-10.0 86.5 59.0
-10.0 88.75 65.0
-10.0 91.0 67.0
-10.0 93.25 80.0
-10.0 95.5 61.0
-10.0 97.75 81.0
-10.0 100.0 43.0
-7.5 10.0 137.0
-7.5 12.25 139.0
-7.5 14.5 110.0
-7.5 16.75 108.0
-7.5 19.0 93.0
-7.5 21.25 104.0
-7.5 23.5 101.0
-7.5 25.75 88.0
-7.5 28.0 88.0
-7.5 30.25 76.0
-7.5 32.5 88.0
-7.5 34.75 88.0
-7.5 37.0 64.0
-7.5 39.25 92.0
-7.5 41.5 74.0
-7.5 43.75 77.0
-7.5 46.0 79.0
-7.5 48.25 71.0
-7.5 50.5 52.0
-7.5 52.75 57.0
-7.5 55.0 67.0
-7.5 57.25 57.0
-7.5 59.5 66.0
-7.5 61.75 58.0
-7.5 64.0 62.0
-7.5 66.25 39.0
-7.5 68.5 48.0
-7.5 70.75 49.0
-7.5 73.0 49.0
-7.5 75.25 55.0
-7.5 77.5 47.0
-7.5 79.75 55.0
-7.5 82.0 50.0
-7.5 84.25 63.0
-7.5 86.5 53.0
-7.5 88.75 54.0
-7.5 91.0 68.0
-7.5 93.25 68.0
-7.5 95.5 61.0
-7.5 97.75 68.0
-7.5 100.0 32.0
-5.0 10.0 151.0
-5.0 12.25 140.0
-5.0 14.5 103.0
-5.0 16.75 98.0
-5.0 19.0 94.0
-5.0 21.25 95.0
-5.0 23.5 84.0
-5.0 25.75 82.0
-5.0 28.0 79.0
-5.0 30.25 87.0
-5.0 32.5 86.0
-5.0 34.75 96.0
-5.0 37.0 83.0
-5.0 39.25 92.0
-5.0 41.5 73.0
-5.0 43.75 73.0
-5.0 46.0 76.0
-5.0 48.25 76.0
-5.0 50.5 50.0
-5.0 52.75 61.0
-5.0 55.0 67.0
-5.0 57.25 57.0
-5.0 59.5 75.0
-5.0 61.75 71.0
-5.0 64.0 78.0
-5.0 66.25 47.0
-5.0 68.5 47.0
-5.0 70.75 55.0
-5.0 73.0 54.0
-5.0 75.25 54.0
-5.0 77.5 55.0
-5.0 79.75 61.0
-5.0 82.0 55.0
-5.0 84.25 62.0
-5.0 86.5 70.0
-5.0 88.75 72.0
-5.0 91.0 60.0
-5.0 93.25 70.0
-5.0 95.5 71.0
-5.0 97.75 70.0
-5.0 100.0 39.0
-2.5 10.0 115.0
-2.5 12.25 101.0
-2.5 14.5 66.0
-2.5 16.75 94.0
-2.5 19.0 73.0
-2.5 21.25 90.0
-2.5 23.5 75.0
-2.5 25.75 92.0
-2.5 28.0 82.0
-2.5 30.25 79.0
-2.5 32.5 61.0
-2.5 34.75 76.0
-2.5 37.0 76.0
-2.5 39.25 82.0
-2.5 41.5 74.0
-2.5 43.75 68.0
-2.5 46.0 69.0
-2.5 48.25 53.0
-2.5 50.5 54.0
-2.5 52.75 51.0
-2.5 55.0 47.0
-2.5 57.25 67.0
-2.5 59.5 58.0
-2.5 61.75 64.0
-2.5 64.0 60.0
-2.5 66.25 46.0
-2.5 68.5 45.0
-2.5 70.75 44.0
-2.5 73.0 41.0
-2.5 75.25 51.0
-2.5 77.5 52.0
-2.5 79.75 57.0
-2.5 82.0 58.0
-2.5 84.25 60.0
-2.5 86.5 53.0
-2.5 88.75 51.0
-2.5 91.0 66.0
-2.5 93.25 75.0
-2.5 95.5 65.0
-2.5 97.75 58.0
-2.5 100.0 28.0
0.0 10.0 111.0
0.0 12.25 92.0
0.0 14.5 84.0
0.0 16.75 86.0
0.0 19.0 93.0
0.0 21.25 87.0
0.0 23.5 74.0
0.0 25.75 89.0
0.0 28.0 67.0
0.0 30.25 80.0
0.0 32.5 74.0
0.0 34.75 62.0
0.0 37.0 72.0
0.0 39.25 82.0
0.0 41.5 71.0
0.0 43.75 68.0
0.0 46.0 53.0
0.0 48.25 58.0
0.0 50.5 51.0
0.0 52.75 53.0
0.0 55.0 53.0
0.0 57.25 56.0
0.0 59.5 65.0
0.0 61.75 63.0
0.0 64.0 67.0
0.0 66.25 35.0
0.0 68.5 37.0
0.0 70.75 51.0
0.0 73.0 47.0
0.0 75.25 51.0
0.0 77.5 50.0
0.0 79.75 54.0
0.0 82.0 54.0
0.0 84.25 61.0
0.0 86.5 50.0
0.0 88.75 59.0
0.0 91.0 60.0
0.0 93.25 63.0
0.0 95.5 56.0
0.0 97.75 57.0
0.0 100.0 35.0
2.5 10.0 116.0
2.5 12.25 110.0
2.5 14.5 86.0
2.5 16.75 76.0
2.5 19.0 84.0
2.5 21.25 81.0
2.5 23.5 87.0
2.5 25.75 93.0
2.5 28.0 77.0
2.5 30.25 80.0
2.5 32.5 66.0
2.5 34.75 64.0
2.5 37.0 67.0
2.5 39.25 78.0
2.5 41.5 61.0
2.5 43.75 68.0
2.5 46.0 77.0
2.5 48.25 56.0
2.5 50.5 50.0
2.5 52.75 59.0
2.5 55.0 65.0
2.5 57.25 66.0
2.5 59.5 68.0
2.5 61.75 54.0
2.5 64.0 66.0
2.5 66.25 40.0
2.5 68.5 44.0
2.5 70.75 43.0
2.5 73.0 50.0
2.5 75.25 57.0
2.5 77.5 54.0
2.5 79.75 61.0
2.5 82.0 57.0
2.5 84.25 62.0
2.5 86.5 62.0
2.5 88.75 61.0
2.5 91.0 64.0
2.5 93.25 57.0
2.5 95.5 60.0
2.5 97.75 73.0
2.5 100.0 33.0
5.0 10.0 83.0
5.0 12.25 93.0
5.0 14.5 85.0
5.0 16.75 87.0
5.0 19.0 94.0
5.0 21.25 91.0
5.0 23.5 83.0
5.0 25.75 71.0
5.0 28.0 86.0
5.0 30.25 52.0
5.0 32.5 74.0
5.0 34.75 70.0
5.0 37.0 72.0
5.0 39.25 72.0
5.0 41.5 62.0
5.0 43.75 67.0
5.0 46.0 62.0
5.0 48.25 58.0
5.0 50.5 51.0
5.0 52.75 60.0
5.0 55.0 49.0
5.0 57.25 58.0
5.0 59.5 53.0
5.0 61.75 48.0
5.0 64.0 66.0
5.0 66.25 53.0
5.0 68.5 40.0
5.0 70.75 51.0
5.0 73.0 40.0
5.0 75.25 40.0
5.0 77.5 44.0
5.0 79.75 57.0
5.0 82.0 54.0
5.0 84.25 56.0
5.0 86.5 51.0
5.0 88.75 61.0
5.0 91.0 69.0
5.0 93.25 56.0
5.0 95.5 48.0
5.0 97.75 62.0
5.0 100.0 32.0
7.5 10.0 89.0
7.5 12.25 80.0
7.5 14.5 56.0
7.5 16.75 60.0
7.5 19.0 65.0
7.5 21.25 81.0
7.5 23.5 53.0
7.5 25.75 67.0
7.5 28.0 73.0
7.5 30.25 59.0
7.5 32.5 66.0
7.5 34.75 54.0
7.5 37.0 61.0
7.5 39.25 75.0
7.5 41.5 61.0
7.5 43.75 60.0
7.5 46.0 68.0
7.5 48.25 64.0
7.5 50.5 46.0
7.5 52.75 53.0
7.5 55.0 51.0
7.5 57.25 55.0
7.5 59.5 44.0
7.5 61.75 50.0
7.5 64.0 52.0
7.5 66.25 37.0
7.5 68.5 40.0
7.5 70.75 44.0
7.5 73.0 46.0
7.5 75.25 46.0
7.5 77.5 47.0
7.5 79.75 49.0
7.5 82.0 52.0
7.5 84.25 39.0
7.5 86.5 54.0
7.5 88.75 59.0
7.5 91.0 60.0
7.5 93.25 52.0
7.5 95.5 55.0
7.5 97.75 60.0
7.5 100.0 26.0
10.0 10.0 52.0
10.0 12.25 80.0
10.0 14.5 62.0
10.0 16.75 75.0
10.0 19.0 75.0
10.0 21.25 67.0
10.0 23.5 68.0
10.0 25.75 54.0
10.0 28.0 65.0
10.0 30.25 58.0
10.0 32.5 60.0
10.0 34.75 42.0
10.0 37.0 56.0
10.0 39.25 63.0
10.0 41.5 61.0
10.0 43.75 63.0
10.0 46.0 51.0
10.0 48.25 59.0
10.0 50.5 40.0
10.0 52.75 47.0
10.0 55.0 47.0
10.0 57.25 55.0
10.0 59.5 55.0
10.0 61.75 54.0
10.0 64.0 54.0
10.0 66.25 34.0
10.0 68.5 39.0
10.0 70.75 40.0
10.0 73.0 49.0
10.0 75.25 51.0
10.0 77.5 52.0
10.0 79.75 55.0
10.0 82.0 52.0
10.0 84.25 57.0
10.0 86.5 47.0
10.0 88.75 56.0
10.0 91.0 57.0
10.0 93.25 48.0
10.0 95.5 51.0
10.0 97.75 59.0
10.0 100.0 26.0
12.5 10.0 100.0
12.5 12.25 60.0
12.5 14.5 64.0
12.5 16.75 58.0
12.5 19.0 45.0
12.5 21.25 57.0
12.5 23.5 51.0
12.5 25.75 55.0
12.5 28.0 47.0
12.5 30.25 53.0
12.5 32.5 61.0
12.5 34.75 48.0
12.5 37.0 52.0
12.5 39.25 80.0
12.5 41.5 45.0
12.5 43.75 37.0
12.5 46.0 57.0
12.5 48.25 49.0
12.5 50.5 46.0
12.5 52.75 46.0
12.5 55.0 45.0
12.5 57.25 44.0
12.5 59.5 51.0
12.5 61.75 62.0
12.5 64.0 49.0
12.5 66.25 33.0
12.5 68.5 46.0
12.5 70.75 40.0
12.5 73.0 41.0
12.5 75.25 43.0
12.5 77.5 39.0
12.5 79.75 44.0
12.5 82.0 56.0
12.5 84.25 59.0
12.5 86.5 59.0
12.5 88.75 56.0
12.5 91.0 61.0
12.5 93.25 54.0
12.5 95.5 58.0
12.5 97.75 54.0
12.5 100.0 29.0
15.0 10.0 80.0
15.0 12.25 68.0
15.0 14.5 66.0
15.0 16.75 49.0
15.0 19.0 55.0
15.0 21.25 61.0
15.0 23.5 59.0
15.0 25.75 43.0
15.0 28.0 54.0
15.0 30.25 49.0
15.0 32.5 61.0
15.0 34.75 53.0
15.0 37.0 64.0
15.0 39.25 53.0
15.0 41.5 49.0
15.0 43.75 52.0
15.0 46.0 46.0
15.0 48.25 53.0
15.0 50.5 42.0
15.0 52.75 44.0
15.0 55.0 45.0
15.0 57.25 47.0
15.0 59.5 55.0
15.0 61.75 41.0
15.0 64.0 61.0
15.0 66.25 35.0
15.0 68.5 34.0
15.0 70.75 41.0
15.0 73.0 54.0
15.0 75.25 41.0
15.0 77.5 39.0
15.0 79.75 45.0
15.0 82.0 43.0
15.0 84.25 55.0
15.0 86.5 46.0
15.0 88.75 52.0
15.0 91.0 52.0
15.0 93.25 57.0
15.0 95.5 55.0
15.0 97.75 50.0
15.0 100.0 31.0
17.5 10.0 114.0
17.5 12.25 75.0
17.5 14.5 62.0
17.5 16.75 48.0
17.5 19.0 50.0
17.5 21.25 42.0
17.5 23.5 35.0
17.5 25.75 43.0
17.5 28.0 39.0
17.5 30.25 53.0
17.5 32.5 43.0
17.5 34.75 59.0
17.5 37.0 50.0
17.5 39.25 62.0
17.5 41.5 52.0
17.5 43.75 48.0
17.5 46.0 46.0
17.5 48.25 40.0
17.5 50.5 35.0
17.5 52.75 35.0
17.5 55.0 45.0
17.5 57.25 40.0
17.5 59.5 45.0
17.5 61.75 55.0
17.5 64.0 52.0
17.5 66.25 45.0
17.5 68.5 32.0
17.5 70.75 39.0
17.5 73.0 36.0
17.5 75.25 35.0
17.5 77.5 42.0
17.5 79.75 43.0
17.5 82.0 47.0
17.5 84.25 46.0
17.5 86.5 51.0
17.5 88.75 43.0
17.5 91.0 62.0
17.5 93.25 51.0
17.5 95.5 51.0
17.5 97.75 49.0
17.5 100.0 29.0
20.0 10.0 119.0
20.0 12.25 100.0
20.0 14.5 74.0
20.0 16.75 41.0
20.0 19.0 46.0
20.0 21.25 38.0
20.0 23.5 53.0
20.0 25.75 36.0
20.0 28.0 44.0
20.0 30.25 40.0
20.0 32.5 54.0
20.0 34.75 39.0
20.0 37.0 54.0
20.0 39.25 38.0
20.0 41.5 48.0
20.0 43.75 35.0
20.0 46.0 46.0
20.0 48.25 53.0
20.0 50.5 34.0
20.0 52.75 30.0
20.0 55.0 34.0
20.0 57.25 45.0
20.0 59.5 42.0
20.0 61.75 36.0
20.0 64.0 45.0
20.0 66.25 31.0
20.0 68.5 31.0
20.0 70.75 30.0
20.0 73.0 37.0
20.0 75.25 35.0
20.0 77.5 35.0
20.0 79.75 30.0
20.0 82.0 39.0
20.0 84.25 44.0
20.0 86.5 43.0
20.0 88.75 48.0
20.0 91.0 53.0
20.0 93.25 46.0
20.0 95.5 45.0
20.0 97.75 57.0
20.0 100.0 29.0
22.5 10.0 152.0
22.5 12.25 102.0
22.5 14.5 96.0
22.5 16.75 61.0
22.5 19.0 50.0
22.5 21.25 55.0
22.5 23.5 38.0
22.5 25.75 29.0
22.5 28.0 35.0
22.5 30.25 42.0
22.5 32.5 31.0
22.5 34.75 41.0
22.5 37.0 47.0
22.5 39.25 52.0
22.5 41.5 38.0
22.5 43.75 37.0
22.5 46.0 37.0
22.5 48.25 31.0
22.5 50.5 40.0
22.5 52.75 25.0
22.5 55.0 33.0
22.5 57.25 35.0
22.5 59.5 51.0
22.5 61.75 46.0
22.5 64.0 48.0
22.5 66.25 30.0
22.5 68.5 30.0
22.5 70.75 41.0
22.5 73.0 33.0
22.5 75.25 33.0
22.5 77.5 42.0
22.5 79.75 41.0
22.5 82.0 42.0
22.5 84.25 48.0
22.5 86.5 36.0
22.5 88.75 44.0
22.5 91.0 42.0
22.5 93.25 50.0
22.5 95.5 53.0
22.5 97.75 50.0
22.5 100.0 33.0
25.0 10.0 153.0
25.0 12.25 135.0
25.0 14.5 114.0
25.0 16.75 67.0
25.0 19.0 64.0
25.0 21.25 46.0
25.0 23.5 49.0
25.0 25.75 35.0
25.0 28.0 40.0
25.0 30.25 34.0
25.0 32.5 45.0
25.0 34.75 36.0
25.0 37.0 51.0
25.0 39.25 40.0
25.0 41.5 36.0
25.0 43.75 46.0
25.0 46.0 38.0
25.0 48.25 33.0
25.0 50.5 36.0
25.0 52.75 29.0
25.0 55.0 29.0
25.0 57.25 40.0
25.0 59.5 30.0
25.0 61.75 34.0
25.0 64.0 38.0
25.0 66.25 34.0
25.0 68.5 35.0
25.0 70.75 31.0
25.0 73.0 31.0
25.0 75.25 39.0
25.0 77.5 39.0
25.0 79.75 43.0
25.0 82.0 39.0
25.0 84.25 31.0
25.0 86.5 38.0
25.0 88.75 42.0
25.0 91.0 50.0
25.0 93.25 49.0
25.0 95.5 47.0
25.0 97.75 42.0
25.0 100.0 26.0
27.5 10.0 182.0
27.5 12.25 116.0
27.5 14.5 113.0
27.5 16.75 69.0
27.5 19.0 66.0
27.5 21.25 65.0
27.5 23.5 35.0
27.5 25.75 34.0
27.5 28.0 34.0
27.5 30.25 25.0
27.5 32.5 32.0
27.5 34.75 34.0
27.5 37.0 25.0
27.5 39.25 33.0
27.5 41.5 31.0
27.5 43.75 27.0
27.5 46.0 33.0
27.5 48.25 28.0
27.5 50.5 26.0
27.5 52.75 31.0
27.5 55.0 40.0
27.5 57.25 33.0
27.5 59.5 42.0
27.5 61.75 44.0
27.5 64.0 42.0
27.5 66.25 29.0
27.5 68.5 34.0
27.5 70.75 38.0
27.5 73.0 34.0
27.5 75.25 32.0
27.5 77.5 28.0
27.5 79.75 33.0
27.5 82.0 33.0
27.5 84.25 31.0
27.5 86.5 36.0
27.5 88.75 51.0
27.5 91.0 60.0
27.5 93.25 43.0
27.5 95.5 45.0
27.5 97.75 44.0
27.5 100.0 21.0
30.0 10.0 172.0
30.0 12.25 157.0
30.0 14.5 119.0
30.0 16.75 92.0
30.0 19.0 96.0
30.0 21.25 63.0
30.0 23.5 57.0
30.0 25.75 30.0
30.0 28.0 34.0
30.0 30.25 20.0
30.0 32.5 31.0
30.0 34.75 30.0
30.0 37.0 29.0
30.0 39.25 33.0
30.0 41.5 26.0
30.0 43.75 30.0
30.0 46.0 36.0
30.0 48.25 29.0
30.0 50.5 13.0
30.0 52.75 30.0
30.0 55.0 33.0
30.0 57.25 38.0
30.0 59.5 33.0
30.0 61.75 38.0
30.0 64.0 36.0
30.0 66.25 22.0
30.0 68.5 33.0
30.0 70.75 31.0
30.0 73.0 30.0
30.0 75.25 33.0
30.0 77.5 34.0
30.0 79.75 46.0
30.0 82.0 38.0
30.0 84.25 41.0
30.0 86.5 38.0
30.0 88.75 46.0
30.0 91.0 40.0
30.0 93.25 38.0
30.0 95.5 45.0
30.0 97.75 37.0
30.0 100.0 22.0
32.5 10.0 184.0
32.5 12.25 164.0
32.5 14.5 116.0
32.5 16.75 81.0
32.5 19.0 79.0
32.5 21.25 68.0
32.5 23.5 55.0
32.5 25.75 38.0
32.5 28.0 38.0
32.5 30.25 27.0
32.5 32.5 18.0
32.5 34.75 31.0
32.5 37.0 26.0
32.5 39.25 31.0
32.5 41.5 30.0
32.5 43.75 24.0
32.5 46.0 34.0
32.5 48.25 36.0
32.5 50.5 27.0
32.5 52.75 24.0
32.5 55.0 30.0
32.5 57.25 37.0
32.5 59.5 36.0
32.5 61.75 34.0
32.5 64.0 38.0
32.5 66.25 17.0
32.5 68.5 29.0
32.5 70.75 20.0
32.5 73.0 39.0
32.5 75.25 28.0
32.5 77.5 35.0
32.5 79.75 39.0
32.5 82.0 42.0
32.5 84.25 35.0
32.5 86.5 43.0
32.5 88.75 42.0
32.5 91.0 47.0
32.5 93.25 49.0
32.5 95.5 41.0
32.5 97.75 37.0
32.5 100.0 22.0
35.0 10.0 209.0
35.0 12.25 171.0
35.0 14.5 149.0
35.0 16.75 124.0
35.0 19.0 83.0
35.0 21.25 67.0
35.0 23.5 58.0
35.0 25.75 46.0
35.0 28.0 46.0
35.0 30.25 16.0
35.0 32.5 23.0
35.0 34.75 20.0
35.0 37.0 20.0
35.0 39.25 20.0
35.0 41.5 25.0
35.0 43.75 19.0
35.0 46.0 24.0
35.0 48.25 24.0
35.0 50.5 28.0
35.0 52.75 29.0
35.0 55.0 34.0
35.0 57.25 31.0
35.0 59.5 38.0
35.0 61.75 35.0
35.0 64.0 30.0
35.0 66.25 21.0
35.0 68.5 34.0
35.0 70.75 19.0
35.0 73.0 40.0
35.0 75.25 29.0
35.0 77.5 45.0
35.0 79.75 29.0
35.0 82.0 29.0
35.0 84.25 34.0
35.0 86.5 35.0
35.0 88.75 33.0
35.0 91.0 36.0
35.0 93.25 45.0
35.0 95.5 39.0
35.0 97.75 39.0
35.0 100.0 21.0
37.5 10.0 262.0
37.5 12.25 152.0
37.5 14.5 139.0
37.5 16.75 102.0
37.5 19.0 108.0
37.5 21.25 67.0
37.5 23.5 60.0
37.5 25.75 57.0
37.5 28.0 51.0
37.5 30.25 47.0
37.5 32.5 31.0
37.5 34.75 28.0
37.5 37.0 29.0
37.5 39.25 23.0
37.5 41.5 17.0
37.5 43.75 19.0
37.5 46.0 26.0
37.5 48.25 30.0
37.5 50.5 23.0
37.5 52.75 19.0
37.5 55.0 28.0
37.5 57.25 34.0
37.5 59.5 22.0
37.5 61.75 40.0
37.5 64.0 38.0
37.5 66.25 25.0
37.5 68.5 29.0
37.5 70.75 27.0
37.5 73.0 28.0
37.5 75.25 27.0
37.5 77.5 30.0
37.5 79.75 26.0
37.5 82.0 24.0
37.5 84.25 39.0
37.5 86.5 26.0
37.5 88.75 34.0
37.5 91.0 38.0
37.5 93.25 33.0
37.5 95.5 45.0
37.5 97.75 43.0
37.5 100.0 15.0
40.0 10.0 230.0
40.0 12.25 214.0
40.0 14.5 172.0
40.0 16.75 117.0
40.0 19.0 111.0
40.0 21.25 75.0
40.0 23.5 74.0
40.0 25.75 48.0
40.0 28.0 50.0
40.0 30.25 35.0
40.0 32.5 44.0
40.0 34.75 30.0
40.0 37.0 28.0
40.0 39.25 26.0
40.0 41.5 13.0
40.0 43.75 16.0
40.0 46.0 13.0
40.0 48.25 26.0
40.0 50.5 21.0
40.0 52.75 25.0
40.0 55.0 20.0
40.0 57.25 30.0
40.0 59.5 25.0
40.0 61.75 37.0
40.0 64.0 29.0
40.0 66.25 20.0
40.0 68.5 21.0
40.0 70.75 22.0
40.0 73.0 22.0
40.0 75.25 29.0
40.0 77.5 27.0
40.0 79.75 32.0
40.0 82.0 28.0
40.0 84.25 28.0
40.0 86.5 33.0
40.0 88.75 42.0
40.0 91.0 37.0
40.0 93.25 34.0
40.0 95.5 31.0
40.0 97.75 33.0
40.0 100.0 26.0
42.5 10.0 275.0
42.5 12.25 214.0
42.5 14.5 157.0
42.5 16.75 126.0
42.5 19.0 110.0
42.5 21.25 87.0
42.5 23.5 80.0
42.5 25.75 73.0
42.5 28.0 63.0
42.5 30.25 47.0
42.5 32.5 31.0
42.5 34.75 29.0
42.5 37.0 20.0
42.5 39.25 27.0
42.5 41.5 17.0
42.5 43.75 18.0
42.5 46.0 21.0
42.5 48.25 16.0
42.5 50.5 16.0
42.5 52.75 18.0
42.5 55.0 27.0
42.5 57.25 26.0
42.5 59.5 28.0
42.5 61.75 32.0
42.5 64.0 28.0
42.5 66.25 22.0
42.5 68.5 16.0
42.5 70.75 18.0
42.5 73.0 31.0
42.5 75.25 25.0
42.5 77.5 22.0
42.5 79.75 19.0
42.5 82.0 28.0
42.5 84.25 33.0
42.5 86.5 31.0
42.5 88.75 35.0
42.5 91.0 33.0
42.5 93.25 35.0
42.5 95.5 36.0
42.5 97.75 42.0
42.5 100.0 24.0
45.0 10.0 270.0
45.0 12.25 253.0
45.0 14.5 198.0
45.0 16.75 149.0
45.0 19.0 129.0
45.0 21.25 99.0
45.0 23.5 90.0
45.0 25.75 73.0
45.0 28.0 72.0
45.0 30.25 52.0
45.0 32.5 50.0
45.0 34.75 30.0
45.0 37.0 35.0
45.0 39.25 24.0
45.0 41.5 18.0
45.0 43.75 22.0
45.0 46.0 9.0
45.0 48.25 19.0
45.0 50.5 15.0
45.0 52.75 21.0
45.0 55.0 19.0
45.0 57.25 31.0
45.0 59.5 26.0
45.0 61.75 26.0
45.0 64.0 17.0
45.0 66.25 12.0
45.0 68.5 24.0
45.0 70.75 21.0
45.0 73.0 18.0
45.0 75.25 15.0
45.0 77.5 24.0
45.0 79.75 18.0
45.0 82.0 25.0
45.0 84.25 24.0
45.0 86.5 33.0
45.0 88.75 37.0
45.0 91.0 35.0
45.0 93.25 30.0
45.0 95.5 34.0
45.0 97.75 34.0
45.0 100.0 21.0
47.5 10.0 281.0
47.5 12.25 214.0
47.5 14.5 157.0
47.5 16.75 131.0
47.5 19.0 96.0
47.5 21.25 87.0
47.5 23.5 83.0
47.5 25.75 74.0
47.5 28.0 57.0
47.5 30.25 50.0
47.5 32.5 57.0
47.5 34.75 46.0
47.5 37.0 33.0
47.5 39.25 43.0
47.5 41.5 17.0
47.5 43.75 20.0
47.5 46.0 18.0
47.5 48.25 13.0
47.5 50.5 14.0
47.5 52.75 17.0
47.5 55.0 17.0
47.5 57.25 21.0
47.5 59.5 24.0
47.5 61.75 21.0
47.5 64.0 37.0
47.5 66.25 21.0
47.5 68.5 20.0
47.5 70.75 24.0
47.5 73.0 16.0
47.5 75.25 28.0
47.5 77.5 28.0
47.5 79.75 35.0
47.5 82.0 32.0
47.5 84.25 26.0
47.5 86.5 30.0
47.5 88.75 33.0
47.5 91.0 31.0
47.5 93.25 40.0
47.5 95.5 33.0
47.5 97.75 37.0
47.5 100.0 22.0
50.0 10.0 289.0
50.0 12.25 221.0
50.0 14.5 186.0
50.0 16.75 129.0
50.0 19.0 134.0
50.0 21.25 101.0
50.0 23.5 79.0
50.0 25.75 69.0
50.0 28.0 63.0
50.0 30.25 51.0
50.0 32.5 65.0
50.0 34.75 44.0
50.0 37.0 34.0
50.0 39.25 34.0
50.0 41.5 26.0
50.0 43.75 22.0
50.0 46.0 29.0
50.0 48.25 17.0
50.0 50.5 14.0
50.0 52.75 8.0
50.0 55.0 13.0
50.0 57.25 17.0
50.0 59.5 14.0
50.0 61.75 19.0
50.0 64.0 15.0
50.0 66.25 12.0
50.0 68.5 21.0
50.0 70.75 19.0
50.0 73.0 30.0
50.0 75.25 23.0
50.0 77.5 29.0
50.0 79.75 21.0
50.0 82.0 26.0
50.0 84.25 28.0
50.0 86.5 26.0
50.0 88.75 37.0
50.0 91.0 33.0
50.0 93.25 28.0
50.0 95.5 38.0
50.0 97.75 27.0
50.0 100.0 16.0
