-50.0 10.0 395.0
-50.0 12.25 356.0
-50.0 14.5 258.0
-50.0 16.75 228.0
-50.0 19.0 233.0
-50.0 21.25 215.0
-50.0 23.5 193.0
-50.0 25.75 200.0
-50.0 28.0 180.0
-50.0 30.25 174.0
-50.0 32.5 179.0
-50.0 34.75 142.0
-50.0 37.0 156.0
-50.0 39.25 158.0
-50.0 41.5 119.0
-50.0 43.75 109.0
-50.0 46.0 139.0
-50.0 48.25 126.0
-50.0 50.5 93.0
-50.0 52.75 101.0
-50.0 55.0 107.0
-50.0 57.25 114.0
-50.0 59.5 102.0
-50.0 61.75 106.0
-50.0 64.0 104.0
-50.0 66.25 81.0
-50.0 68.5 76.0
-50.0 70.75 70.0
-50.0 73.0 70.0
-50.0 75.25 75.0
-50.0 77.5 79.0
-50.0 79.75 93.0
-50.0 82.0 80.0
-50.0 84.25 87.0
-50.0 86.5 93.0
-50.0 88.75 100.0
-50.0 91.0 87.0
-50.0 93.25 98.0
-50.0 95.5 86.0
-50.0 97.75 89.0
-50.0 100.0 42.0
-47.5 10.0 379.0
-47.5 12.25 300.0
-47.5 14.5 256.0
-47.5 16.75 227.0
-47.5 19.0 224.0
-47.5 21.25 202.0
-47.5 23.5 181.0
-47.5 25.75 172.0
-47.5 28.0 178.0
-47.5 30.25 154.0
-47.5 32.5 158.0
-47.5 34.75 135.0
-47.5 37.0 145.0
-47.5 39.25 144.0
-47.5 41.5 110.0
-47.5 43.75 117.0
-47.5 46.0 127.0
-47.5 48.25 106.0
-47.5 50.5 88.0
-47.5 52.75 94.0
-47.5 55.0 102.0
-47.5 57.25 102.0
-47.5 59.5 92.0
-47.5 61.75 82.0
-47.5 64.0 100.0
-47.5 66.25 67.0
-47.5 68.5 72.0
-47.5 70.75 68.0
-47.5 73.0 62.0
-47.5 75.25 77.0
-47.5 77.5 81.0
-47.5 79.75 77.0
-47.5 82.0 80.0
-47.5 84.25 76.0
-47.5 86.5 85.0
-47.5 88.75 83.0
-47.5 91.0 99.0
-47.5 93.25 88.0
-47.5 95.5 84.0
-47.5 97.75 102.0
-47.5 100.0 47.0
-45.0 10.0 394.0
-45.0 12.25 342.0
-45.0 14.5 291.0
-45.0 16.75 240.0
-45.0 19.0 220.0
-45.0 21.25 197.0
-45.0 23.5 181.0
-45.0 25.75 175.0
-45.0 28.0 183.0
-45.0 30.25 156.0
-45.0 32.5 160.0
-45.0 34.75 140.0
-45.0 37.0 151.0
-45.0 39.25 149.0
-45.0 41.5 120.0
-45.0 43.75 124.0
-45.0 46.0 112.0
-45.0 48.25 119.0
-45.0 50.5 89.0
-45.0 52.75 93.0
-45.0 55.0 100.0
-45.0 57.25 93.0
-45.0 59.5 116.0
-45.0 61.75 99.0
-45.0 64.0 98.0
-45.0 66.25 74.0
-45.0 68.5 80.0
-45.0 70.75 83.0
-45.0 73.0 84.0
-45.0 75.25 67.0
-45.0 77.5 73.0
-45.0 79.75 70.0
-45.0 82.0 72.0
-45.0 84.25 82.0
-45.0 86.5 75.0
-45.0 88.75 88.0
-45.0 91.0 90.0
-45.0 93.25 82.0
-45.0 95.5 79.0
-45.0 97.75 85.0
-45.0 100.0 50.0
-42.5 10.0 362.0
-42.5 12.25 309.0
-42.5 14.5 247.0
-42.5 16.75 234.0
-42.5 19.0 207.0
-42.5 21.25 215.0
-42.5 23.5 180.0
-42.5 25.75 169.0
-42.5 28.0 152.0
-42.5 30.25 160.0
-42.5 32.5 152.0
-42.5 34.75 147.0
-42.5 37.0 144.0
-42.5 39.25 142.0
-42.5 41.5 100.0
-42.5 43.75 119.0
-42.5 46.0 113.0
-42.5 48.25 126.0
-42.5 50.5 87.0
-42.5 52.75 93.0
-42.5 55.0 89.0
-42.5 57.25 95.0
-42.5 59.5 91.0
-42.5 61.75 107.0
-42.5 64.0 112.0
-42.5 66.25 73.0
-42.5 68.5 65.0
-42.5 70.75 69.0
-42.5 73.0 65.0
-42.5 75.25 79.0
-42.5 77.5 79.0
-42.5 79.75 75.0
-42.5 82.0 83.0
-42.5 84.25 83.0
-42.5 86.5 88.0
-42.5 88.75 83.0
-42.5 91.0 84.0
-42.5 93.25 90.0
-42.5 95.5 94.0
-42.5 97.75 92.0
-42.5 100.0 41.0
-40.0 10.0 366.0
-40.0 12.25 312.0
-40.0 14.5 233.0
-40.0 16.75 234.0
-40.0 19.0 225.0
-40.0 21.25 206.0
-40.0 23.5 182.0
-40.0 25.75 177.0
-40.0 28.0 161.0
-40.0 30.25 141.0
-40.0 32.5 148.0
-40.0 34.75 153.0
-40.0 37.0 131.0
-40.0 39.25 140.0
-40.0 41.5 117.0
-40.0 43.75 117.0
-40.0 46.0 135.0
-40.0 48.25 105.0
-40.0 50.5 92.0
-40.0 52.75 98.0
-40.0 55.0 101.0
-40.0 57.25 96.0
-40.0 59.5 105.0
-40.0 61.75 95.0
-40.0 64.0 109.0
-40.0 66.25 71.0
-40.0 68.5 71.0
-40.0 70.75 71.0
-40.0 73.0 68.0
-40.0 75.25 84.0
-40.0 77.5 72.0
-40.0 79.75 76.0
-40.0 82.0 74.0
-40.0 84.25 90.0
-40.0 86.5 85.0
-40.0 88.75 81.0
-40.0 91.0 81.0
-40.0 93.25 81.0
-40.0 95.5 92.0
-40.0 97.75 90.0
-40.0 100.0 43.0
-37.5 10.0 328.0
-37.5 12.25 290.0
-37.5 14.5 233.0
-37.5 16.75 212.0
-37.5 19.0 191.0
-37.5 21.25 190.0
-37.5 23.5 169.0
-37.5 25.75 149.0
-37.5 28.0 152.0
-37.5 30.25 141.0
-37.5 32.5 139.0
-37.5 34.75 111.0
-37.5 37.0 125.0
-37.5 39.25 142.0
-37.5 41.5 87.0
-37.5 43.75 107.0
-37.5 46.0 120.0
-37.5 48.25 120.0
-37.5 50.5 91.0
-37.5 52.75 85.0
-37.5 55.0 90.0
-37.5 57.25 93.0
-37.5 59.5 93.0
-37.5 61.75 86.0
-37.5 64.0 104.0
-37.5 66.25 62.0
-37.5 68.5 61.0
-37.5 70.75 76.0
-37.5 73.0 64.0
-37.5 75.25 68.0
-37.5 77.5 96.0
-37.5 79.75 77.0
-37.5 82.0 76.0
-37.5 84.25 76.0
-37.5 86.5 76.0
-37.5 88.75 92.0
-37.5 91.0 85.0
-37.5 93.25 83.0
-37.5 95.5 84.0
-37.5 97.75 84.0
-37.5 100.0 38.0
-35.0 10.0 325.0
-35.0 12.25 301.0
-35.0 14.5 211.0
-35.0 16.75 196.0
-35.0 19.0 198.0
-35.0 21.25 179.0
-35.0 23.5 172.0
-35.0 25.75 154.0
-35.0 28.0 166.0
-35.0 30.25 132.0
-35.0 32.5 129.0
-35.0 34.75 128.0
-35.0 37.0 129.0
-35.0 39.25 129.0
-35.0 41.5 115.0
-35.0 43.75 113.0
-35.0 46.0 117.0
-35.0 48.25 116.0
-35.0 50.5 82.0
-35.0 52.75 93.0
-35.0 55.0 92.0
-35.0 57.25 84.0
-35.0 59.5 90.0
-35.0 61.75 96.0
-35.0 64.0 103.0
-35.0 66.25 76.0
-35.0 68.5 70.0
-35.0 70.75 68.0
-35.0 73.0 76.0
-35.0 75.25 84.0
-35.0 77.5 70.0
-35.0 79.75 81.0
-35.0 82.0 87.0
-35.0 84.25 76.0
-35.0 86.5 77.0
-35.0 88.75 95.0
-35.0 91.0 86.0
-35.0 93.25 70.0
-35.0 95.5 93.0
-35.0 97.75 86.0
-35.0 100.0 38.0
-32.5 10.0 307.0
-32.5 12.25 258.0
-32.5 14.5 225.0
-32.5 16.75 193.0
-32.5 19.0 162.0
-32.5 21.25 173.0
-32.5 23.5 162.0
-32.5 25.75 154.0
-32.5 28.0 150.0
-32.5 30.25 128.0
-32.5 32.5 135.0
-32.5 34.75 110.0
-32.5 37.0 125.0
-32.5 39.25 129.0
-32.5 41.5 99.0
-32.5 43.75 96.0
-32.5 46.0 99.0
-32.5 48.25 106.0
-32.5 50.5 76.0
-32.5 52.75 89.0
-32.5 55.0 83.0
-32.5 57.25 100.0
-32.5 59.5 86.0
-32.5 61.75 89.0
-32.5 64.0 101.0
-32.5 66.25 72.0
-32.5 68.5 71.0
-32.5 70.75 70.0
-32.5 73.0 63.0
-32.5 75.25 68.0
-32.5 77.5 68.0
-32.5 79.75 72.0
-32.5 82.0 77.0
-32.5 84.25 81.0
-32.5 86.5 79.0
-32.5 88.75 82.0
-32.5 91.0 82.0
-32.5 93.25 95.0
-32.5 95.5 79.0
-32.5 97.75 80.0
-32.5 100.0 37.0
-30.0 10.0 302.0
-30.0 12.25 234.0
-30.0 14.5 206.0
-30.0 16.75 190.0
-30.0 19.0 188.0
-30.0 21.25 164.0
-30.0 23.5 148.0
-30.0 25.75 147.0
-30.0 28.0 150.0
-30.0 30.25 141.0
-30.0 32.5 123.0
-30.0 34.75 118.0
-30.0 37.0 132.0
-30.0 39.25 124.0
-30.0 41.5 107.0
-30.0 43.75 105.0
-30.0 46.0 108.0
-30.0 48.25 93.0
-30.0 50.5 82.0
-30.0 52.75 81.0
-30.0 55.0 78.0
-30.0 57.25 77.0
-30.0 59.5 94.0
-30.0 61.75 94.0
-30.0 64.0 95.0
-30.0 66.25 65.0
-30.0 68.5 61.0
-30.0 70.75 59.0
-30.0 73.0 75.0
-30.0 75.25 74.0
-30.0 77.5 71.0
-30.0 79.75 72.0
-30.0 82.0 69.0
-30.0 84.25 84.0
-30.0 86.5 75.0
-30.0 88.75 79.0
-30.0 91.0 78.0
-30.0 93.25 77.0
-30.0 95.5 87.0
-30.0 97.75 88.0
-30.0 100.0 48.0
-27.5 10.0 278.0
-27.5 12.25 231.0
-27.5 14.5 195.0
-27.5 16.75 185.0
-27.5 19.0 163.0
-27.5 21.25 135.0
-27.5 23.5 165.0
-27.5 25.75 121.0
-27.5 28.0 121.0
-27.5 30.25 141.0
-27.5 32.5 136.0
-27.5 34.75 119.0
-27.5 37.0 107.0
-27.5 39.25 122.0
-27.5 41.5 96.0
-27.5 43.75 89.0
-27.5 46.0 101.0
-27.5 48.25 102.0
-27.5 50.5 62.0
-27.5 52.75 68.0
-27.5 55.0 92.0
-27.5 57.25 83.0
-27.5 59.5 90.0
-27.5 61.75 98.0
-27.5 64.0 88.0
-27.5 66.25 64.0
-27.5 68.5 65.0
-27.5 70.75 76.0
-27.5 73.0 62.0
-27.5 75.25 69.0
-27.5 77.5 73.0
-27.5 79.75 80.0
-27.5 82.0 71.0
-27.5 84.25 74.0
-27.5 86.5 83.0
-27.5 88.75 76.0
-27.5 91.0 63.0
-27.5 93.25 77.0
-27.5 95.5 93.0
-27.5 97.75 72.0
-27.5 100.0 40.0
-25.0 10.0 306.0
-25.0 12.25 238.0
-25.0 14.5 178.0
-25.0 16.75 182.0
-25.0 19.0 169.0
-25.0 21.25 168.0
-25.0 23.5 156.0
-25.0 25.75 146.0
-25.0 28.0 136.0
-25.0 30.25 137.0
-25.0 32.5 111.0
-25.0 34.75 110.0
-25.0 37.0 115.0
-25.0 39.25 125.0
-25.0 41.5 106.0
-25.0 43.75 90.0
-25.0 46.0 113.0
-25.0 48.25 86.0
-25.0 50.5 80.0
-25.0 52.75 63.0
-25.0 55.0 75.0
-25.0 57.25 82.0
-25.0 59.5 98.0
-25.0 61.75 88.0
-25.0 64.0 89.0
-25.0 66.25 68.0
-25.0 68.5 62.0
-25.0 70.75 63.0
-25.0 73.0 55.0
-25.0 75.25 60.0
-25.0 77.5 71.0
-25.0 79.75 78.0
-25.0 82.0 73.0
-25.0 84.25 75.0
-25.0 86.5 78.0
-25.0 88.75 74.0
-25.0 91.0 92.0
-25.0 93.25 77.0
-25.0 95.5 79.0
-25.0 97.75 70.0
-25.0 100.0 38.0
-22.5 10.0 245.0
-22.5 12.25 213.0
-22.5 14.5 157.0
-22.5 16.75 155.0
-22.5 19.0 158.0
-22.5 21.25 165.0
-22.5 23.5 135.0
-22.5 25.75 139.0
-22.5 28.0 115.0
-22.5 30.25 114.0
-22.5 32.5 118.0
-22.5 34.75 102.0
-22.5 37.0 117.0
-22.5 39.25 103.0
-22.5 41.5 90.0
-22.5 43.75 91.0
-22.5 46.0 96.0
-22.5 48.25 91.0
-22.5 50.5 64.0
-22.5 52.75 64.0
-22.5 55.0 78.0
-22.5 57.25 85.0
-22.5 59.5 72.0
-22.5 61.75 81.0
-22.5 64.0 94.0
-22.5 66.25 53.0
-22.5 68.5 57.0
-22.5 70.75 61.0
-22.5 73.0 63.0
-22.5 75.25 72.0
-22.5 77.5 73.0
-22.5 79.75 65.0
-22.5 82.0 59.0
-22.5 84.25 71.0
-22.5 86.5 63.0
-22.5 88.75 77.0
-22.5 91.0 87.0
-22.5 93.25 80.0
-22.5 95.5 87.0
-22.5 97.75 75.0
-22.5 100.0 46.0
-20.0 10.0 239.0
-20.0 12.25 211.0
-20.0 14.5 164.0
-20.0 16.75 166.0
-20.0 19.0 144.0
-20.0 21.25 133.0
-20.0 23.5 126.0
-20.0 25.75 129.0
-20.0 28.0 114.0
-20.0 30.25 120.0
-20.0 32.5 120.0
-20.0 34.75 96.0
-20.0 37.0 93.0
-20.0 39.25 122.0
-20.0 41.5 89.0
-20.0 43.75 90.0
-20.0 46.0 83.0
-20.0 48.25 95.0
-20.0 50.5 60.0
-20.0 52.75 74.0
-20.0 55.0 76.0
-20.0 57.25 78.0
-20.0 59.5 88.0
-20.0 61.75 72.0
-20.0 64.0 87.0
-20.0 66.25 61.0
-20.0 68.5 58.0
-20.0 70.75 56.0
-20.0 73.0 66.0
-20.0 75.25 69.0
-20.0 77.5 64.0
-20.0 79.75 62.0
-20.0 82.0 70.0
-20.0 84.25 71.0
-20.0 86.5 70.0
-20.0 88.75 81.0
-20.0 91.0 77.0
-20.0 93.25 73.0
-20.0 95.5 84.0
-20.0 97.75 70.0
-20.0 100.0 42.0
-17.5 10.0 209.0
-17.5 12.25 194.0
-17.5 14.5 145.0
-17.5 16.75 148.0
-17.5 19.0 145.0
-17.5 21.25 119.0
-17.5 23.5 121.0
-17.5 25.75 107.0
-17.5 28.0 109.0
-17.5 30.25 108.0
-17.5 32.5 109.0
-17.5 34.75 89.0
-17.5 37.0 95.0
-17.5 39.25 106.0
-17.5 41.5 82.0
-17.5 43.75 78.0
-17.5 46.0 91.0
-17.5 48.25 84.0
-17.5 50.5 70.0
-17.5 52.75 62.0
-17.5 55.0 67.0
-17.5 57.25 75.0
-17.5 59.5 80.0
-17.5 61.75 64.0
-17.5 64.0 87.0
-17.5 66.25 57.0
-17.5 68.5 48.0
-17.5 70.75 54.0
-17.5 73.0 48.0
-17.5 75.25 64.0
-17.5 77.5 70.0
-17.5 79.75 66.0
-17.5 82.0 67.0
-17.5 84.25 58.0
-17.5 86.5 74.0
-17.5 88.75 81.0
-17.5 91.0 71.0
-17.5 93.25 84.0
-17.5 95.5 62.0
-17.5 97.75 67.0
-17.5 100.0 33.0
-15.0 10.0 219.0
-15.0 12.25 170.0
-15.0 14.5 146.0
-15.0 16.75 160.0
-15.0 19.0 134.0
-15.0 21.25 135.0
-15.0 23.5 115.0
-15.0 25.75 100.0
-15.0 28.0 91.0
-15.0 30.25 102.0
-15.0 32.5 101.0
-15.0 34.75 98.0
-15.0 37.0 93.0
-15.0 39.25 99.0
-15.0 41.5 87.0
-15.0 43.75 92.0
-15.0 46.0 100.0
-15.0 48.25 77.0
-15.0 50.5 75.0
-15.0 52.75 73.0
-15.0 55.0 75.0
-15.0 57.25 73.0
-15.0 59.5 72.0
-15.0 61.75 70.0
-15.0 64.0 77.0
-15.0 66.25 55.0
-15.0 68.5 53.0
-15.0 70.75 55.0
-15.0 73.0 57.0
-15.0 75.25 53.0
-15.0 77.5 50.0
-15.0 79.75 60.0
-15.0 82.0 69.0
-15.0 84.25 61.0
-15.0 86.5 75.0
-15.0 88.75 67.0
-15.0 91.0 77.0
-15.0 93.25 73.0
-15.0 95.5 66.0
-15.0 97.75 74.0
-15.0 100.0 32.0
-12.5 10.0 170.0
-12.5 12.25 151.0
-12.5 14.5 129.0
-12.5 16.75 118.0
-12.5 19.0 99.0
-12.5 21.25 97.0
-12.5 23.5 107.0
-12.5 25.75 103.0
-12.5 28.0 112.0
-12.5 30.25 95.0
-12.5 32.5 92.0
-12.5 34.75 76.0
-12.5 37.0 80.0
-12.5 39.25 99.0
-12.5 41.5 78.0
-12.5 43.75 70.0
-12.5 46.0 77.0
-12.5 48.25 70.0
-12.5 50.5 74.0
-12.5 52.75 52.0
-12.5 55.0 68.0
-12.5 57.25 72.0
-12.5 59.5 71.0
-12.5 61.75 76.0
-12.5 64.0 79.0
-12.5 66.25 52.0
-12.5 68.5 49.0
-12.5 70.75 49.0
-12.5 73.0 49.0
-12.5 75.25 63.0
-12.5 77.5 69.0
-12.5 79.75 62.0
-12.5 82.0 57.0
-12.5 84.25 64.0
-12.5 86.5 63.0
-12.5 88.75 77.0
-12.5 91.0 63.0
-12.5 93.25 68.0
-12.5 95.5 66.0
-12.5 97.75 63.0
-12.5 100.0 37.0
-10.0 10.0 183.0
-10.0 12.25 160.0
-10.0 14.5 124.0
-10.0 16.75 113.0
-10.0 19.0 121.0
-10.0 21.25 125.0
-10.0 23.5 109.0
-10.0 25.75 100.0
-10.0 28.0 94.0
-10.0 30.25 92.0
-10.0 32.5 110.0
-10.0 34.75 86.0
-10.0 37.0 78.0
-10.0 39.25 91.0
-10.0 41.5 75.0
-10.0 43.75 67.0
-10.0 46.0 86.0
-10.0 48.25 63.0
-10.0 50.5 69.0
-10.0 52.75 62.0
-10.0 55.0 69.0
-10.0 57.25 70.0
-10.0 59.5 75.0
-10.0 61.75 67.0
-10.0 64.0 81.0
-10.0 66.25 61.0
-10.0 68.5 50.0
-10.0 70.75 57.0
-10.0 73.0 50.0
-10.0 75.25 61.0
-10.0 77.5 60.0
-10.0 79.75 59.0
-10.0 82.0 63.0
-10.0 84.25 72.0
-10.0 86.5 61.0
-10.0 88.75 75.0
-10.0 91.0 68.0
-10.0 93.25 63.0
-10.0 95.5 70.0
-10.0 97.75 66.0
-10.0 100.0 39.0
-7.5 10.0 145.0
-7.5 12.25 126.0
-7.5 14.5 111.0
-7.5 16.75 112.0
-7.5 19.0 91.0
-7.5 21.25 107.0
-7.5 23.5 84.0
-7.5 25.75 84.0
-7.5 28.0 99.0
-7.5 30.25 95.0
-7.5 32.5 78.0
-7.5 34.75 87.0
-7.5 37.0 79.0
-7.5 39.25 87.0
-7.5 41.5 79.0
-7.5 43.75 76.0
-7.5 46.0 71.0
-7.5 48.25 68.0
-7.5 50.5 56.0
-7.5 52.75 53.0
-7.5 55.0 68.0
-7.5 57.25 67.0
-7.5 59.5 62.0
-7.5 61.75 77.0
-7.5 64.0 69.0
-7.5 66.25 43.0
-7.5 68.5 54.0
-7.5 70.75 54.0
-7.5 73.0 47.0
-7.5 75.25 52.0
-7.5 77.5 58.0
-7.5 79.75 61.0
-7.5 82.0 63.0
-7.5 84.25 50.0
-7.5 86.5 62.0
-7.5 88.75 65.0
-7.5 91.0 66.0
-7.5 93.25 66.0
-7.5 95.5 56.0
-7.5 97.75 53.0
-7.5 100.0 34.0
-5.0 10.0 140.0
-5.0 12.25 137.0
-5.0 14.5 102.0
-5.0 16.75 96.0
-5.0 19.0 101.0
-5.0 21.25 106.0
-5.0 23.5 90.0
-5.0 25.75 75.0
-5.0 28.0 88.0
-5.0 30.25 81.0
-5.0 32.5 87.0
-5.0 34.75 84.0
-5.0 37.0 75.0
-5.0 39.25 99.0
-5.0 41.5 63.0
-5.0 43.75 73.0
-5.0 46.0 74.0
-5.0 48.25 76.0
-5.0 50.5 59.0
-5.0 52.75 52.0
-5.0 55.0 63.0
-5.0 57.25 57.0
-5.0 59.5 71.0
-5.0 61.75 70.0
-5.0 64.0 76.0
-5.0 66.25 40.0
-5.0 68.5 55.0
-5.0 70.75 54.0
-5.0 73.0 44.0
-5.0 75.25 44.0
-5.0 77.5 49.0
-5.0 79.75 72.0
-5.0 82.0 59.0
-5.0 84.25 57.0
-5.0 86.5 72.0
-5.0 88.75 71.0
-5.0 91.0 57.0
-5.0 93.25 62.0
-5.0 95.5 60.0
-5.0 97.75 55.0
-5.0 100.0 32.0
-2.5 10.0 125.0
-2.5 12.25 99.0
-2.5 14.5 91.0
-2.5 16.75 89.0
-2.5 19.0 83.0
-2.5 21.25 82.0
-2.5 23.5 74.0
-2.5 25.75 83.0
-2.5 28.0 72.0
-2.5 30.25 74.0
-2.5 32.5 73.0
-2.5 34.75 64.0
-2.5 37.0 63.0
-2.5 39.25 72.0
-2.5 41.5 63.0
-2.5 43.75 61.0
-2.5 46.0 62.0
-2.5 48.25 61.0
-2.5 50.5 52.0
-2.5 52.75 50.0
-2.5 55.0 59.0
-2.5 57.25 68.0
-2.5 59.5 57.0
-2.5 61.75 60.0
-2.5 64.0 69.0
-2.5 66.25 51.0
-2.5 68.5 47.0
-2.5 70.75 48.0
-2.5 73.0 58.0
-2.5 75.25 55.0
-2.5 77.5 50.0
-2.5 79.75 46.0
-2.5 82.0 56.0
-2.5 84.25 57.0
-2.5 86.5 56.0
-2.5 88.75 66.0
-2.5 91.0 56.0
-2.5 93.25 57.0
-2.5 95.5 59.0
-2.5 97.75 58.0
-2.5 100.0 29.0
0.0 10.0 129.0
0.0 12.25 105.0
0.0 14.5 84.0
0.0 16.75 85.0
0.0 19.0 79.0
0.0 21.25 84.0
0.0 23.5 78.0
0.0 25.75 73.0
0.0 28.0 76.0
0.0 30.25 84.0
0.0 32.5 71.0
0.0 34.75 82.0
0.0 37.0 81.0
0.0 39.25 82.0
0.0 41.5 64.0
0.0 43.75 68.0
0.0 46.0 70.0
0.0 48.25 61.0
0.0 50.5 60.0
0.0 52.75 42.0
0.0 55.0 61.0
0.0 57.25 57.0
0.0 59.5 57.0
0.0 61.75 52.0
0.0 64.0 62.0
0.0 66.25 46.0
0.0 68.5 42.0
0.0 70.75 45.0
0.0 73.0 34.0
0.0 75.25 60.0
0.0 77.5 52.0
0.0 79.75 51.0
0.0 82.0 54.0
0.0 84.25 61.0
0.0 86.5 56.0
0.0 88.75 60.0
0.0 91.0 58.0
0.0 93.25 68.0
0.0 95.5 54.0
0.0 97.75 63.0
0.0 100.0 33.0
2.5 10.0 110.0
2.5 12.25 91.0
2.5 14.5 96.0
2.5 16.75 83.0
2.5 19.0 84.0
2.5 21.25 89.0
2.5 23.5 69.0
2.5 25.75 78.0
2.5 28.0 74.0
2.5 30.25 73.0
2.5 32.5 82.0
2.5 34.75 75.0
2.5 37.0 81.0
2.5 39.25 85.0
2.5 41.5 64.0
2.5 43.75 63.0
2.5 46.0 75.0
2.5 48.25 59.0
2.5 50.5 54.0
2.5 52.75 49.0
2.5 55.0 59.0
2.5 57.25 54.0
2.5 59.5 67.0
2.5 61.75 67.0
2.5 64.0 64.0
2.5 66.25 43.0
2.5 68.5 46.0
2.5 70.75 46.0
2.5 73.0 41.0
2.5 75.25 45.0
2.5 77.5 46.0
2.5 79.75 50.0
2.5 82.0 59.0
2.5 84.25 59.0
2.5 86.5 57.0
2.5 88.75 66.0
2.5 91.0 57.0
2.5 93.25 61.0
2.5 95.5 65.0
2.5 97.75 60.0
2.5 100.0 37.0
5.0 10.0 94.0
5.0 12.25 104.0
5.0 14.5 77.0
5.0 16.75 78.0
5.0 19.0 80.0
5.0 21.25 92.0
5.0 23.5 76.0
5.0 25.75 60.0
5.0 28.0 79.0
5.0 30.25 67.0
5.0 32.5 84.0
5.0 34.75 55.0
5.0 37.0 75.0
5.0 39.25 65.0
5.0 41.5 60.0
5.0 43.75 67.0
5.0 46.0 62.0
5.0 48.25 65.0
5.0 50.5 42.0
5.0 52.75 42.0
5.0 55.0 52.0
5.0 57.25 58.0
5.0 59.5 59.0
5.0 61.75 57.0
5.0 64.0 72.0
5.0 66.25 38.0
5.0 68.5 38.0
5.0 70.75 45.0
5.0 73.0 51.0
5.0 75.25 51.0
5.0 77.5 54.0
5.0 79.75 58.0
5.0 82.0 51.0
5.0 84.25 54.0
5.0 86.5 55.0
5.0 88.75 60.0
5.0 91.0 59.0
5.0 93.25 63.0
5.0 95.5 64.0
5.0 97.75 59.0
5.0 100.0 41.0
7.5 10.0 90.0
7.5 12.25 79.0
7.5 14.5 51.0
7.5 16.75 70.0
7.5 19.0 64.0
7.5 21.25 77.0
7.5 23.5 56.0
7.5 25.75 66.0
7.5 28.0 62.0
7.5 30.25 69.0
7.5 32.5 71.0
7.5 34.75 58.0
7.5 37.0 57.0
7.5 39.25 69.0
7.5 41.5 67.0
7.5 43.75 65.0
7.5 46.0 52.0
7.5 48.25 49.0
7.5 50.5 43.0
7.5 52.75 52.0
7.5 55.0 56.0
7.5 57.25 52.0
7.5 59.5 43.0
7.5 61.75 55.0
7.5 64.0 61.0
7.5 66.25 39.0
7.5 68.5 47.0
7.5 70.75 46.0
7.5 73.0 52.0
7.5 75.25 47.0
7.5 77.5 42.0
7.5 79.75 47.0
7.5 82.0 50.0
7.5 84.25 56.0
7.5 86.5 61.0
7.5 88.75 62.0
7.5 91.0 63.0
7.5 93.25 64.0
7.5 95.5 65.0
7.5 97.75 55.0
7.5 100.0 34.0
10.0 10.0 69.0
10.0 12.25 84.0
10.0 14.5 56.0
10.0 16.75 77.0
10.0 19.0 59.0
10.0 21.25 69.0
10.0 23.5 61.0
10.0 25.75 60.0
10.0 28.0 70.0
10.0 30.25 57.0
10.0 32.5 61.0
10.0 34.75 70.0
10.0 37.0 61.0
10.0 39.25 61.0
10.0 41.5 52.0
10.0 43.75 59.0
10.0 46.0 54.0
10.0 48.25 54.0
10.0 50.5 42.0
10.0 52.75 49.0
10.0 55.0 43.0
10.0 57.25 58.0
10.0 59.5 49.0
10.0 61.75 46.0
10.0 64.0 60.0
10.0 66.25 39.0
10.0 68.5 34.0
10.0 70.75 46.0
10.0 73.0 53.0
10.0 75.25 46.0
10.0 77.5 39.0
10.0 79.75 40.0
10.0 82.0 50.0
10.0 84.25 55.0
10.0 86.5 51.0
10.0 88.75 64.0
10.0 91.0 58.0
10.0 93.25 45.0
10.0 95.5 56.0
10.0 97.75 59.0
10.0 100.0 26.0
12.5 10.0 83.0
12.5 12.25 80.0
12.5 14.5 61.0
12.5 16.75 49.0
12.5 19.0 48.0
12.5 21.25 50.0
12.5 23.5 55.0
12.5 25.75 66.0
12.5 28.0 63.0
12.5 30.25 63.0
12.5 32.5 59.0
12.5 34.75 56.0
12.5 37.0 60.0
12.5 39.25 71.0
12.5 41.5 56.0
12.5 43.75 50.0
12.5 46.0 59.0
12.5 48.25 51.0
12.5 50.5 38.0
12.5 52.75 38.0
12.5 55.0 54.0
12.5 57.25 44.0
12.5 59.5 58.0
12.5 61.75 54.0
12.5 64.0 63.0
12.5 66.25 43.0
12.5 68.5 35.0
12.5 70.75 44.0
12.5 73.0 28.0
12.5 75.25 45.0
12.5 77.5 48.0
12.5 79.75 51.0
12.5 82.0 45.0
12.5 84.25 52.0
12.5 86.5 52.0
12.5 88.75 49.0
12.5 91.0 47.0
12.5 93.25 60.0
12.5 95.5 64.0
12.5 97.75 60.0
12.5 100.0 24.0
15.0 10.0 97.0
15.0 12.25 71.0
15.0 14.5 70.0
15.0 16.75 59.0
15.0 19.0 44.0
15.0 21.25 56.0
15.0 23.5 46.0
15.0 25.75 37.0
15.0 28.0 65.0
15.0 30.25 60.0
15.0 32.5 51.0
15.0 34.75 49.0
15.0 37.0 56.0
15.0 39.25 42.0
15.0 41.5 48.0
15.0 43.75 49.0
15.0 46.0 50.0
15.0 48.25 44.0
15.0 50.5 36.0
15.0 52.75 55.0
15.0 55.0 46.0
15.0 57.25 47.0
15.0 59.5 55.0
15.0 61.75 44.0
15.0 64.0 48.0
15.0 66.25 37.0
15.0 68.5 36.0
15.0 70.75 33.0
15.0 73.0 36.0
15.0 75.25 41.0
15.0 77.5 40.0
15.0 79.75 52.0
15.0 82.0 57.0
15.0 84.25 52.0
15.0 86.5 46.0
15.0 88.75 45.0
15.0 91.0 51.0
15.0 93.25 44.0
15.0 95.5 43.0
15.0 97.75 56.0
15.0 100.0 31.0
17.5 10.0 116.0
17.5 12.25 74.0
17.5 14.5 62.0
17.5 16.75 58.0
17.5 19.0 42.0
17.5 21.25 36.0
17.5 23.5 39.0
17.5 25.75 43.0
17.5 28.0 37.0
17.5 30.25 52.0
17.5 32.5 40.0
17.5 34.75 44.0
17.5 37.0 53.0
17.5 39.25 58.0
17.5 41.5 38.0
17.5 43.75 42.0
17.5 46.0 49.0
17.5 48.25 40.0
17.5 50.5 40.0
17.5 52.75 35.0
17.5 55.0 36.0
17.5 57.25 46.0
17.5 59.5 46.0
17.5 61.75 36.0
17.5 64.0 46.0
17.5 66.25 25.0
17.5 68.5 38.0
17.5 70.75 43.0
17.5 73.0 36.0
17.5 75.25 56.0
17.5 77.5 36.0
17.5 79.75 41.0
17.5 82.0 42.0
17.5 84.25 54.0
17.5 86.5 56.0
17.5 88.75 58.0
17.5 91.0 49.0
17.5 93.25 53.0
17.5 95.5 47.0
17.5 97.75 48.0
17.5 100.0 30.0
20.0 10.0 130.0
20.0 12.25 109.0
20.0 14.5 87.0
20.0 16.75 51.0
20.0 19.0 47.0
20.0 21.25 53.0
20.0 23.5 43.0
20.0 25.75 28.0
20.0 28.0 41.0
20.0 30.25 44.0
20.0 32.5 53.0
20.0 34.75 45.0
20.0 37.0 61.0
20.0 39.25 49.0
20.0 41.5 45.0
20.0 43.75 47.0
20.0 46.0 36.0
20.0 48.25 34.0
20.0 50.5 39.0
20.0 52.75 36.0
20.0 55.0 34.0
20.0 57.25 38.0
20.0 59.5 47.0
20.0 61.75 43.0
20.0 64.0 57.0
20.0 66.25 25.0
20.0 68.5 34.0
20.0 70.75 29.0
20.0 73.0 37.0
20.0 75.25 39.0
20.0 77.5 40.0
20.0 79.75 34.0
20.0 82.0 43.0
20.0 84.25 51.0
20.0 86.5 52.0
20.0 88.75 41.0
20.0 91.0 40.0
20.0 93.25 44.0
20.0 95.5 36.0
20.0 97.75 39.0
20.0 100.0 26.0
22.5 10.0 141.0
22.5 12.25 94.0
22.5 14.5 75.0
22.5 16.75 49.0
22.5 19.0 45.0
22.5 21.25 54.0
22.5 23.5 35.0
22.5 25.75 34.0
22.5 28.0 33.0
22.5 30.25 44.0
22.5 32.5 36.0
22.5 34.75 39.0
22.5 37.0 39.0
22.5 39.25 43.0
22.5 41.5 33.0
22.5 43.75 42.0
22.5 46.0 46.0
22.5 48.25 35.0
22.5 50.5 31.0
22.5 52.75 30.0
22.5 55.0 35.0
22.5 57.25 31.0
22.5 59.5 38.0
22.5 61.75 50.0
22.5 64.0 44.0
22.5 66.25 29.0
22.5 68.5 30.0
22.5 70.75 36.0
22.5 73.0 35.0
22.5 75.25 41.0
22.5 77.5 36.0
22.5 79.75 47.0
22.5 82.0 43.0
22.5 84.25 52.0
22.5 86.5 41.0
22.5 88.75 41.0
22.5 91.0 40.0
22.5 93.25 45.0
22.5 95.5 48.0
22.5 97.75 45.0
22.5 100.0 24.0
25.0 10.0 145.0
25.0 12.25 121.0
25.0 14.5 101.0
25.0 16.75 58.0
25.0 19.0 69.0
25.0 21.25 39.0
25.0 23.5 41.0
25.0 25.75 32.0
25.0 28.0 39.0
25.0 30.25 23.0
25.0 32.5 40.0
25.0 34.75 34.0
25.0 37.0 46.0
25.0 39.25 35.0
25.0 41.5 38.0
25.0 43.75 32.0
25.0 46.0 27.0
25.0 48.25 33.0
25.0 50.5 28.0
25.0 52.75 33.0
25.0 55.0 37.0
25.0 57.25 40.0
25.0 59.5 45.0
25.0 61.75 37.0
25.0 64.0 41.0
25.0 66.25 29.0
25.0 68.5 28.0
25.0 70.75 25.0
25.0 73.0 34.0
25.0 75.25 37.0
25.0 77.5 42.0
25.0 79.75 37.0
25.0 82.0 41.0
25.0 84.25 39.0
25.0 86.5 45.0
25.0 88.75 47.0
25.0 91.0 45.0
25.0 93.25 40.0
25.0 95.5 43.0
25.0 97.75 37.0
25.0 100.0 21.0
27.5 10.0 180.0
27.5 12.25 146.0
27.5 14.5 105.0
27.5 16.75 57.0
27.5 19.0 53.0
27.5 21.25 62.0
27.5 23.5 31.0
27.5 25.75 38.0
27.5 28.0 30.0
27.5 30.25 29.0
27.5 32.5 26.0
27.5 34.75 28.0
27.5 37.0 33.0
27.5 39.25 42.0
27.5 41.5 28.0
27.5 43.75 34.0
27.5 46.0 34.0
27.5 48.25 29.0
27.5 50.5 32.0
27.5 52.75 25.0
27.5 55.0 37.0
27.5 57.25 34.0
27.5 59.5 42.0
27.5 61.75 36.0
27.5 64.0 47.0
27.5 66.25 33.0
27.5 68.5 31.0
27.5 70.75 31.0
27.5 73.0 35.0
27.5 75.25 31.0
27.5 77.5 41.0
27.5 79.75 39.0
27.5 82.0 38.0
27.5 84.25 49.0
27.5 86.5 38.0
27.5 88.75 52.0
27.5 91.0 53.0
27.5 93.25 59.0
27.5 95.5 48.0
27.5 97.75 45.0
27.5 100.0 24.0
30.0 10.0 179.0
30.0 12.25 144.0
30.0 14.5 128.0
30.0 16.75 85.0
30.0 19.0 78.0
30.0 21.25 61.0
30.0 23.5 45.0
30.0 25.75 33.0
30.0 28.0 36.0
30.0 30.25 12.0
30.0 32.5 33.0
30.0 34.75 31.0
30.0 37.0 38.0
30.0 39.25 29.0
30.0 41.5 28.0
30.0 43.75 30.0
30.0 46.0 36.0
30.0 48.25 30.0
30.0 50.5 24.0
30.0 52.75 26.0
30.0 55.0 27.0
30.0 57.25 31.0
30.0 59.5 32.0
30.0 61.75 30.0
30.0 64.0 38.0
30.0 66.25 21.0
30.0 68.5 30.0
30.0 70.75 32.0
30.0 73.0 39.0
30.0 75.25 30.0
30.0 77.5 53.0
30.0 79.75 29.0
30.0 82.0 38.0
30.0 84.25 37.0
30.0 86.5 37.0
30.0 88.75 38.0
30.0 91.0 55.0
30.0 93.25 39.0
30.0 95.5 43.0
30.0 97.75 45.0
30.0 100.0 20.0
32.5 10.0 198.0
32.5 12.25 144.0
32.5 14.5 115.0
32.5 16.75 91.0
32.5 19.0 79.0
32.5 21.25 52.0
32.5 23.5 54.0
32.5 25.75 32.0
32.5 28.0 37.0
32.5 30.25 30.0
32.5 32.5 18.0
32.5 34.75 30.0
32.5 37.0 28.0
32.5 39.25 24.0
32.5 41.5 29.0
32.5 43.75 23.0
32.5 46.0 33.0
32.5 48.25 38.0
32.5 50.5 36.0
32.5 52.75 36.0
32.5 55.0 43.0
32.5 57.25 33.0
32.5 59.5 37.0
32.5 61.75 43.0
32.5 64.0 39.0
32.5 66.25 20.0
32.5 68.5 27.0
32.5 70.75 23.0
32.5 73.0 28.0
32.5 75.25 31.0
32.5 77.5 33.0
32.5 79.75 38.0
32.5 82.0 37.0
32.5 84.25 38.0
32.5 86.5 38.0
32.5 88.75 36.0
32.5 91.0 47.0
32.5 93.25 39.0
32.5 95.5 33.0
32.5 97.75 44.0
32.5 100.0 23.0
35.0 10.0 217.0
35.0 12.25 193.0
35.0 14.5 152.0
35.0 16.75 94.0
35.0 19.0 97.0
35.0 21.25 73.0
35.0 23.5 63.0
35.0 25.75 40.0
35.0 28.0 53.0
35.0 30.25 24.0
35.0 32.5 27.0
35.0 34.75 20.0
35.0 37.0 28.0
35.0 39.25 25.0
35.0 41.5 23.0
35.0 43.75 30.0
35.0 46.0 22.0
35.0 48.25 38.0
35.0 50.5 26.0
35.0 52.75 34.0
35.0 55.0 26.0
35.0 57.25 31.0
35.0 59.5 35.0
35.0 61.75 44.0
35.0 64.0 31.0
35.0 66.25 22.0
35.0 68.5 21.0
35.0 70.75 22.0
35.0 73.0 30.0
35.0 75.25 36.0
35.0 77.5 26.0
35.0 79.75 33.0
35.0 82.0 25.0
35.0 84.25 37.0
35.0 86.5 39.0
35.0 88.75 40.0
35.0 91.0 33.0
35.0 93.25 34.0
35.0 95.5 34.0
35.0 97.75 34.0
35.0 100.0 15.0
37.5 10.0 243.0
37.5 12.25 183.0
37.5 14.5 151.0
37.5 16.75 107.0
37.5 19.0 111.0
37.5 21.25 80.0
37.5 23.5 75.0
37.5 25.75 55.0
37.5 28.0 50.0
37.5 30.25 33.0
37.5 32.5 31.0
37.5 34.75 25.0
37.5 37.0 22.0
37.5 39.25 25.0
37.5 41.5 13.0
37.5 43.75 15.0
37.5 46.0 23.0
37.5 48.25 34.0
37.5 50.5 24.0
37.5 52.75 30.0
37.5 55.0 29.0
37.5 57.25 26.0
37.5 59.5 38.0
37.5 61.75 30.0
37.5 64.0 25.0
37.5 66.25 25.0
37.5 68.5 14.0
37.5 70.75 15.0
37.5 73.0 28.0
37.5 75.25 29.0
37.5 77.5 31.0
37.5 79.75 28.0
37.5 82.0 29.0
37.5 84.25 31.0
37.5 86.5 34.0
37.5 88.75 36.0
37.5 91.0 35.0
37.5 93.25 37.0
37.5 95.5 36.0
37.5 97.75 45.0
37.5 100.0 21.0
40.0 10.0 221.0
40.0 12.25 208.0
40.0 14.5 163.0
40.0 16.75 112.0
40.0 19.0 107.0
40.0 21.25 94.0
40.0 23.5 69.0
40.0 25.75 58.0
40.0 28.0 63.0
40.0 30.25 38.0
40.0 32.5 33.0
40.0 34.75 20.0
40.0 37.0 23.0
40.0 39.25 29.0
40.0 41.5 15.0
40.0 43.75 15.0
40.0 46.0 16.0
40.0 48.25 25.0
40.0 50.5 19.0
40.0 52.75 29.0
40.0 55.0 22.0
40.0 57.25 22.0
40.0 59.5 30.0
40.0 61.75 32.0
40.0 64.0 28.0
40.0 66.25 22.0
40.0 68.5 23.0
40.0 70.75 26.0
40.0 73.0 23.0
40.0 75.25 26.0
40.0 77.5 32.0
40.0 79.75 31.0
40.0 82.0 25.0
40.0 84.25 31.0
40.0 86.5 28.0
40.0 88.75 34.0
40.0 91.0 25.0
40.0 93.25 35.0
40.0 95.5 32.0
40.0 97.75 29.0
40.0 100.0 21.0
42.5 10.0 289.0
42.5 12.25 228.0
42.5 14.5 165.0
42.5 16.75 123.0
42.5 19.0 112.0
42.5 21.25 90.0
42.5 23.5 82.0
42.5 25.75 64.0
42.5 28.0 54.0
42.5 30.25 51.0
42.5 32.5 29.0
42.5 34.75 33.0
42.5 37.0 24.0
42.5 39.25 32.0
42.5 41.5 17.0
42.5 43.75 21.0
42.5 46.0 23.0
42.5 48.25 21.0
42.5 50.5 15.0
42.5 52.75 18.0
42.5 55.0 24.0
42.5 57.25 31.0
42.5 59.5 35.0
42.5 61.75 31.0
42.5 64.0 27.0
42.5 66.25 23.0
42.5 68.5 21.0
42.5 70.75 20.0
42.5 73.0 20.0
42.5 75.25 24.0
42.5 77.5 25.0
42.5 79.75 21.0
42.5 82.0 28.0
42.5 84.25 38.0
42.5 86.5 30.0
42.5 88.75 33.0
42.5 91.0 34.0
42.5 93.25 38.0
42.5 95.5 33.0
42.5 97.75 31.0
42.5 100.0 20.0
45.0 10.0 286.0
45.0 12.25 224.0
45.0 14.5 182.0
45.0 16.75 141.0
45.0 19.0 123.0
45.0 21.25 99.0
45.0 23.5 96.0
45.0 25.75 75.0
45.0 28.0 58.0
45.0 30.25 46.0
45.0 32.5 54.0
45.0 34.75 24.0
45.0 37.0 33.0
45.0 39.25 23.0
45.0 41.5 13.0
45.0 43.75 20.0
45.0 46.0 18.0
45.0 48.25 19.0
45.0 50.5 12.0
45.0 52.75 13.0
45.0 55.0 21.0
45.0 57.25 21.0
45.0 59.5 21.0
45.0 61.75 31.0
45.0 64.0 23.0
45.0 66.25 20.0
45.0 68.5 25.0
45.0 70.75 18.0
45.0 73.0 18.0
45.0 75.25 20.0
45.0 77.5 27.0
45.0 79.75 24.0
45.0 82.0 26.0
45.0 84.25 30.0
45.0 86.5 28.0
45.0 88.75 31.0
45.0 91.0 41.0
45.0 93.25 40.0
45.0 95.5 30.0
45.0 97.75 33.0
45.0 100.0 18.0
47.5 10.0 274.0
47.5 12.25 219.0
47.5 14.5 153.0
47.5 16.75 134.0
47.5 19.0 97.0
47.5 21.25 81.0
47.5 23.5 69.0
47.5 25.75 63.0
47.5 28.0 54.0
47.5 30.25 41.0
47.5 32.5 50.0
47.5 34.75 37.0
47.5 37.0 28.0
47.5 39.25 30.0
47.5 41.5 17.0
47.5 43.75 17.0
47.5 46.0 15.0
47.5 48.25 14.0
47.5 50.5 14.0
47.5 52.75 22.0
47.5 55.0 21.0
47.5 57.25 20.0
47.5 59.5 23.0
47.5 61.75 29.0
47.5 64.0 31.0
47.5 66.25 20.0
47.5 68.5 20.0
47.5 70.75 26.0
47.5 73.0 17.0
47.5 75.25 26.0
47.5 77.5 29.0
47.5 79.75 27.0
47.5 82.0 24.0
47.5 84.25 34.0
47.5 86.5 34.0
47.5 88.75 38.0
47.5 91.0 45.0
47.5 93.25 39.0
47.5 95.5 41.0
47.5 97.75 36.0
47.5 100.0 20.0
50.0 10.0 270.0
50.0 12.25 245.0
50.0 14.5 177.0
50.0 16.75 143.0
50.0 19.0 117.0
50.0 21.25 112.0
50.0 23.5 91.0
50.0 25.75 71.0
50.0 28.0 80.0
50.0 30.25 52.0
50.0 32.5 54.0
50.0 34.75 42.0
50.0 37.0 34.0
50.0 39.25 31.0
50.0 41.5 23.0
50.0 43.75 25.0
50.0 46.0 19.0
50.0 48.25 21.0
50.0 50.5 14.0
50.0 52.75 14.0
50.0 55.0 17.0
50.0 57.25 23.0
50.0 59.5 19.0
50.0 61.75 11.0
50.0 64.0 26.0
50.0 66.25 11.0
50.0 68.5 24.0
50.0 70.75 18.0
50.0 73.0 26.0
50.0 75.25 25.0
50.0 77.5 17.0
50.0 79.75 32.0
50.0 82.0 29.0
50.0 84.25 27.0
50.0 86.5 30.0
50.0 88.75 26.0
50.0 91.0 33.0
50.0 93.25 29.0
50.0 95.5 30.0
50.0 97.75 31.0
50.0 100.0 23.0
